W 21 50 49 59 41 42 58 33 32 23 68 69 24 25 15 40 31 39 56 20 11 29 13 47 55 67 66 77 57 46 19 28 10 63 54 64 27 45 75 76
W 59 31 40 41 49 30 32 42 33 34 25 52 35 43 13 60 38 12 14 39 48 29 37 28 68 69 11 47 56 10 78 79 46 2 77 16 24 17 15 26
W 31 48 38 47 50 29 20 28 30 19 58 33 43 23 22 13 12 14 39 37 49 66 34 25 32 11 57 56 10 21 65 64 20 42 51 21 24 3 15 6 16 7 17 67 68 76 77 74
B 30 50 60 59 33 51 57 68 43 52 20 40 39 23 24 31 14 13 15 65 49 41 66 11 21 47 56 55 48 37 28 22 64
W 50 30 39 38 31 22 40 29 23 13 47 60 14 43 11 46 55 56 48 10 12 21 4 3 2 1 37 20 28 3 69 68 51 61 52 53 67 59 58 25 77 70 79 78 9 15 5 11 69 33 32 78 62 71 69 76 75 78 44 35 69 42 78 19 6 7 24 16 76 41 49 44 27 18 45
W 21 49 41 31 40 30 39 29 38 60 20 28 14 24 15 22 13 33 42 10 43 56 11 16 37 19 7 2 67 58 68 59 66 57 65 64
B 32 38 48 60 39 29 52 22 23 67 47 31 41 46 55 37 61 65 56 64 63 70 59 68 51 69 66 58 73 49 40 50 11 14 30 12 21 13 15 20 10
B 59 31 20 49 50 29 28 37 38 30 46 42 41 32 48 58 40 39 47 51 60 61 67 19 33 69 68 34 24 25 23 21 16 70 26 43 13 12 36 17 6 4 5 35 10 11 18 14 3 22 15 2 4 7 8
B 50 21 30 22 20 33 31 32 48 56 57 29 11 37 47 46 55 19 10 54 64 9 13 23 12 14 18 27 38 28 1 3 4 40 39 45 52 43 5 61 53 51 60 41 42 49 58 51 59 16 42 63 34 25 73 6 65 51 70 42 44 35 62
W 40 22 58 67 66 29 33 59 49 51 68 69 76 43 34 61 28 19 37 38 47 46 55 27 45 14 50 42 60 32 21 12 41 59 31 23 60 70 20 11 30 10
W 40 38 47 42 39 29 57 21 22 13 14 23 31 12 24 60 68 32 43 34 33 41 25 52
B 40 42 51 52 50 60 59 70 69 61 33 43 38 31 41 32 30 24 68 48 39 47 66 37 28 19 46 12 11 20 23 22 21 13 10 1 18 2 29 79 78 14
W 40 42 51 52 50 38 61 24 56 55 46 47 64 57 65 37 54 21 22 13 12 23 20 30 10 31 28 36 3 48 67 66 75 43 62 4
W 23 48 49 39 40 58 30 29 59 57 21 60 68 50 69 41 31 61 43 42 70 34
B 21 49 32 51 56 47 48 39 57 38 68 24 33 23 31 34 43 25 20 40 42 52 53 67 58 59 69 55 66 64 28 61 37 75 76 74 70 71 50 41 46 79 30
W 59 32 31 40 23 30 22 39 57 21 33 41 24 42 12 11 13 56 65 55 47 64 48 66 67 74 61 34
B 21 47 49 58 50 48 59 23 33 24 34 67 29 13 25 12 11 16 17 15 37 32 41 19 10 40 39 31 46 55 38 68 69 70 61 78 60 5 64 65 54 56 77 63 72 45 36 74 45 76 66 9 18 27 28 2 18 73 63 27 75 57 18 42 43 27 1 3 18 62 53 27 71 18 79 22 20 30 0 18 66
W 21 59 50 49 40 48 60 39 41 30 22 69 29 20 37 51 58 61 68 60 57 56 65 47 64 31 42 43
W 57 32 30 59 24 23 33 42 43 51 12 14 15 52 44 26 17 16 7 8 6 34 17 39 25 29 38 21 20 31 28 47 30 48 46 29
W 21 58 50 31 49 30 47 42 51 20 24 57 48 56 22 23 14 32 68 59 60 67 69 46 37 55 29 15 13 16
W 59 21 30 29 22 50 20 39 12 60 40 49 48 57 38 47 39 42 56 65 46 24 15 16 23 33 66 58 64 14 67 68 5 6 4 76 74 77 75 15 13 32
B 58 21 51 48 57 33 47 38 39 46 49 29 23 32 22 31 30 12 20 13 11 24 55
W 59 21 30 22 31 32 41 42 23 33 20 14 13 12 11 24 50 37 38 28 29 56 65 64 66 47 73 45
B 21 59 50 49 60 41 51 39 58 57 68 20 11 29 23 67 42 10 66 59 65 58 55 69 37 33 32 24 40 14 13 16 30 38 47 56 46 48 28 2 12 19 5 6 15 64 73 14 70 4 3 77 79
W 59 31 40 39 32 23 41 30 24 15 56 48 37 28 57 49 50 58 67 66 65 68 75 33 25 42 52 51 60 61 69 70 77 43 14 22 16 53 13 12 20 29 11 4 6 21 19 9 47 27 79 34 35 71 36 3 5 1 38
B 30 57 49 58 59 48 50 24 39 46 14 52 15 42 32 70 69 16 7 34 17 26 37 67 25 68 61 16 23 78 60 8 71 6 5 7 33 25 55 38 29 47 45 28 36 64 19 56 54 63 27 79 53 44 41 62 65 74 53 77 62
W 58 31 22 30 24 32 12 21 13 33 25 59 68 69 60 50 67 70 55 34 20 56 65 47 46 37 57 19 35 11 53 61 38 29 39 23 14 3 16 4 5 2 6 43 44 40 48 45 54 36 52 51 78 79 77 62 26
B 30 50 41 42 49 51 58 29 20 19 38 28 21 37 47 46 55 11 12 10 24 68 67 32 34 40 39 23 14 43 69 70 59 60 77
B 59 31 56 49 58 47 22 23 14 57 66 48 64 55 65 13 21 12 32 24 30 40 15 20 29 19 25 33 42 34 43 35 11 10 41 16 17 26 7 8 4 2 17 50 25 60 44 69 76 77 67 46 63 51 28
B 30 59 50 49 40 48 60 41 51 32 23 24 22 43 68 15 66 29 20 38 39 19 47 46 56 11 21 12 10 28 13 1 9 18 42 33 52 14 4 5 58 44 55 45 54 0 53 25 3 2 57
W 59 31 33 49 50 58 29 47 46 24 38 56 41 30 20 34 23 32 42 12 15 13 14 25 16 55 11 37 28 45 2 40 27 68 61 69 60 70 71 5 43 79 36 46 39 48 6 4 9
B 30 58 50 59 51 48 39 13 24 23 15 32 43 20 21 12 47 56 37 33 34 10 55 66 49 69 70 64 63 79 61 73 57 65 14 22 28 19 60 67 4 3 5 29 18 9 27 48 38 57 40 71 62 78 80 2 71
B 59 31 33 49 50 58 20 29 28 38 37 46 21 22 55 47 45 24 25 34 43 42 35 32 52 64 15 12 11 14 3 13 9 16 23 19 10 24 56 65 23 2 30 40 1 24 67 66 23 68 69 24 39 48 23 36 27 24 77 34 26 33 17 6 63 51 61 44 53 57 54 71 79 60 70 73 18 4 75 2 68 3 44 7
B 30 50 41 49 51 42 40 48 33 43 34 29 20 38 60 21 12 22 13 19 11 68 69 10 23 78 79 77 59 67 58 66 57 56 39 47 70 2 3 1
B 57 31 50 42 51 38 20 21 12 13 30 22 39 29 47 19 11 10 43
W 30 48 49 58 50 39 31 59 60 56 33 23 32 12 20 24 11 13 25 16 34 17 66 57 69 28 29 37 76 77 68 67 78 65 19 38 75 74 77 26 35 40 41 22 27 36 18 2 1 3
B 21 58 49 50 41 42 40 51 57 12 13 20 11 30 22 10 3 28 38 37 67 55 47 65 46 45 34 33 24 43 69 25 16 35 61 15 6 23 14 59 66
W 40 58 22 13 14 51 57 21 31 66 59 50 49 67 56 29 37 38 46 12 60 61 19 28 27 10 9 20 18 15 24 5 23 16 4 3 25 1 17 36 45 47 55 48 65 63 75 69 76 68 73 77 7 74 75 76 30 74 39 75
W 60 21 38 50 31 51 59 49 58 57 22 39 30 47 52 43 61 29 20 37 42 33 41 40 32 12 13 11 10 19 2 3 4 1 34 67 68 76 77 66
W 59 29 30 38 21 56 20 41 39 48 49 51 60 24 14 15 57 47 65 64 66 19 10 27 73 9 2 63 0 1 23 61 0 45 18 28 33 34 32 43 70 71 79 6 42 50 40 52 5 62 9
W 21 49 33 51 47 31 22 38 37 29 57 58 66 20 32 67 55 28 11 36 46 10 12 48 64 43 34 1 35 2 3 44 41 30 76 77 75 14 23 16 15 6 24 69 50 59 40 39 45 27 42 52 5 4 13
B 21 58 51 24 32 13 33 22 31 20 12 30 11 25 29 39 4 23 28 34 59 40 50 67 43 68 69 70 79 61 60 5 56 49 38 65 64 47 46 57 41 55 54 3 2 56 35 26 44 77 78 63 72 74 4 73 6 3 7 4 15 10 19
W 21 49 60 32 38 59 51 30 29 22 40 41 50 58 39 43 42 34 70 56 68 67 76 75 77 65 52 12 31 23 11 13 46 55
B 48 21 31 22 33 23 51 60 59 68 69 47 38 57 46 56 28 67 61 55 24 19 18 20 39 9 27 32 41 15 16 5 13 7 14 12 6 49 40 15 54 63 6 1 45 65 4 29 37 58 3 2 77 76 78 50 60
W 21 48 49 40 57 39 56 50 58 23 14 15 24 33 25 13 32 22 42 41 34 46 47 38 55 37 69 59 68 52
B 48 31 51 33 12 20 23 22 24 13 32 40 59 56 47 57 55 41 42 64 46 58 49 68 28 19 69 50 60 77 73 63 75 66 78 67 65 74 21 29 65 25 34 74 30 39 65 15 14 5 33 38 76 16 37 27 36 18 26
B 32 38 57 40 59 31 23 41 12 43 25 56 65 64 66 46 61 11 20 10 22 19 48 29 21 26 35 34 17 44 33 42 52 26 15 53 62 51 60 74 75 73 47 55 2 1 3 49 58 35
B 58 21 30 22 29 41 51 42 31 23 20 50 59 60 69 52 70 48 49 40 39 47 65 11 10 12 37 1 18 61 62 66 57 56 67 64 75 53 32 33 71 2 19
B 40 22 58 67 66 59 49 51 42 43 21 12 20 33 11 31 30 68 13 14 3 75 65 5 41 25 32 23 50 60 74
W 32 58 49 57 48 47 38 56 37 23 22 33 41 13 14 24 12 51 50 60 42 15 59 68 69 70
B 21 50 48 32 59 60 58 20 30 37 29 28 19 38 39 65 55 56 47 46 64 73 63 74 69 18 11 72 24 23 14 33 16 25 15 70 61 51 79 71 67 52 54 10 20
B 32 48 39 47 49 58 59 40 50 31 22 41 42 30 21 29 33 67 20 61 28 38 69 70 51 68 60 78 37 52 46 26 56 57 65 15 14 24 23 34 43 44 6 7 5 16 75 66 76
B 47 50 41 42 49 33 59 51 31 21 22 13 14 12 23 58 57 67 29 66 65 39 30 48 56 40 25 24 15 34 16 38 37 32 55 26 17 35 75 76 74
B 57 32 20 59 24 33 23 31 21 22 13 12 14 38 68 67 58 69 50 60 66 77 39 30 29 37 28 11 10 55 64 63 51 40 48 43 49 52 65 47 36 45 27 56 25 42 73
W 21 58 56 32 34 47 46 38 57 49 48 39 37 20 51 28 67 68 75 24 59 50 60 55 64 25 33 23 41 40 42 36 54 35 44 26
B 21 48 49 58 59 40 50 22 13 23 29 30 38 39 12 67 68 41 42 33 43 47 34 25 15 14 46 55 37 77 78 76 70 6 54 64 26 16 63 19 10 9 20 17 35 4 3 1 11 45 36 5 28 73 18
W 50 38 48 51 60 42 41 61 70 32 31 33 47 40 49 22 30 21 29 20 52 28 39 37 46 43
W 21 50 48 33 41 42 59 60 49 51 68 38 47 46 55 20 30 12 13 10 3 11 15 37 25 69 44 53 35 24 23 32 31 43 16 71 45 36 54 77 29 28 67 76 75 78 66 2 4 34 26 40 39 41
B 48 32 31 23 41 42 22 50 40 60 33 24 34 25 43 51 14 15 58 20 12 56 46 47 38 55 37 67 68 66 59 64 6 7 5 26 70 69 61 52 78 44 49 35 62 76 77 11 9 45 36 54
W 47 41 40 31 30 21 39 50 32 22 33 43 34 52 23 14 15 19 28 13 16 29 58 68 59 67 60 69 61 57 56 65 64 70 71 49 48 66 62 73 63 79 44 74 37 27 36 11 18 9 5 4 6 20 27 38 46 54 42 72 51 55
B 59 22 31 32 41 33 21 30 40 20 12 13 29 39 11 48 28 42 58 57 51 52 61 44 66 65 67 37 64 74 46 38 19 55 36 63 73 45 54 49 50 45 23 27 24
B 30 50 41 49 51 60 42 12 47 24 61 56 55 46 57 38 48 40 39 31 59 58 69 67 21 22 11 34 66 43 68 76 52 13 19
W 59 31 40 39 48 47 30 38 21 22 13 14 12 33 29 57 49 66 24 15 23 32 25 51 42 34 16 50 58 60 56 55 69 70 79 41
W 40 38 42 57 29 33 32 24 43 13 47 50 49 58 59 60 68 51 69 70 61 52 53 62 44 79 56 67 41 61 48 65 76 66 64 77 11 16 26 20 12 21
B 30 50 41 49 51 42 32 60 52 43 61 24 23 15 69 59 68 70 71 79 78 67 80 47 33 34 44 26 14 53 7 16 6 70 79 35 57 66 48 56 17 8 5 39 29 17 76
W 40 22 58 29 23 67 68 14 32 57 49 15 38 37 28 47 20 39 30 34 38 65 48 60 76 66 59 55 43 25 42 44 36 46 53 35 52 12 11 2 1 3 10 24 21 75 77 13 45 54 27
W 40 47 57 42 29 23 51 52 60 41 49 20 22 28 14 15 30 13 32 5 24 25 14 34 12 23 19 37 55 11 10 3 21 2 14 4
B 40 22 58 67 66 33 21 59 49 30 31 29 20 19 10 28 13 23 14 15 25 24 9 56 65 5 12 2 1 4 11 68 42 57 51 64 47 46 48 55 34 61 60 69 52 50 41 70 62 71 53 18 38 37
W 40 38 42 43 34 21 47 51 41 59 29 30 39 37 67 46 56 58 66 52 69 68 77 70 79 60 78 24 33 25 23 14 20 11 15 62 44 57 76 48 55 16 13 6
B 40 38 29 30 39 20 28 47 57 21 56 42 33 34 32 19 25 59 51 50 43 41 61 48 49 58 31 37 55 66 65
B 49 31 30 21 29 20 22 32 13 28 47 23 14 15 42 12 19 10 41 57 56 60 68 40 48 59 67 34 33 24 43 25 44 37 46 50 70 61 62 45 54 36 35
W 32 48 49 58 39 38 40 29 57 47 67 59 68 56 60 66 21 30 31 24 34 50 51 22 23 13 14 12 11 20 3 4 5 2 41 57 76 75 69
W 23 60 49 29 47 21 59 57 48 51 33 68 67 58 50 69 66 43 37 28 13 12 42 34 31 15 25 16 10 14 52 61 22 4 35 53 24 17 26 44 30 19 11 20
W 22 56 33 42 41 50 51 43 34 40 32 59 47 38 48 46 57 64 65 55 39 29 30 52 20 19 10 11 21 67 66 28 9 18 69 70 12 35 26 44 73 63 49 60 25 58 76 77 75 72 74
B 49 31 32 23 33 40 50 48 57 38 22 21 13 12 47 39 56 24 25 14 41 46 55 16 37 28 45 26 34 35 44 17 43 27 29 30 36 20
B 49 31 30 22 40 33 21 51 24 15 14 25 67 38 13 57 56 65 47 48 37 58 59 66 32 50 60 39 23 61 42 52 29 41 34 31 64 43 16 73 63 28 46 33 26 44 19 35 42 40 33 22 72 74
B 40 38 42 43 51 21 47 46 37 56 48 28 22 13 30 20 23 64 29 36 66 52 61 60 70 15 14 59 34 57 58 67 49 68 12 11 4 2 69 50 41 75 77 65 3
B 31 57 49 22 23 30 21 13 32 29 58 67 68 66 48 47 56 55 65 64 12
B 41 30 39 38 29 20 28 47 21 31 40 22 12 19 23 13 14 4 32 37 5 27 58 66 67 57 75 74 76 60 65 43 34 42 70 33 25 24 16 68 61
B 49 31 32 23 33 22 40 51 29 24 34 20 19 67 11 21 59 10 68 28 37 38 27 39 9 56 57 46 66 25 26 17 35
B 39 41 50 51 59 40 48 30 29 20 42 22 33 24 25 32 15 23 52 56 57 37 47 28 46 16 34 45 54 36 55 17 38 19 26 49 58 14
B 31 49 48 57 47 56 58 40 30 59 67 68 32 20 50 41 42 51 39 50 55 66 65 76 12 33 24 43 25 64 46 34 63 26 17 35 74 16 15 8 6
W 50 30 31 39 57 22 23 40 41 32 33 14 24 56 65 47 64 15 16 7 25 55 37 66 67 58 75 28 19 29 54 45 63 49 59 27 17 12 66 48 31 6 32
B 50 30 31 22 39 38 40 47 21 29 23 13 14 60 67 68 59 70 77 51 12 65 43 42 34 78 69 33 79
B 31 48 49 58 50 39 30 59 57 56 66 60 65 55 37 29 38 47 20 40 41 32 33 23 52 64 24 61 42 46 28 45 62 71 53 70 51 36 27
B 41 38 39 48 47 56 46 29 30 20 49 57 58 67 68 21 55 64 76 66 75 65 63
B 31 49 50 59 51 40 32 30 21 20 58 57 67 38 66 12 14 56 65 64 55 13 41 47 73 15 5 23 24 22 16 33 25 46 63 4 6 45 54
B 31 59 49 58 50 12 14 29 60 69 57 66 47 37 46 51 61 70 52 65 19 20 28 42 33 38 36 10 9 0 1 2 11 24 32 10 27 0 13 18 45 21 9 43 34 18 4 3 9 22 23 18 44 9 64 62 41 56 48 55 54 73 63 74 39 67 53 71
W 51 30 23 57 38 39 47 29 56 48 28 19 37 33 32 24 41 14 13 15 21 20 11 59 43 34 69 10 1 68 60 65 64 73 66 75 74 42 50 65 67 58 74 22 31 65 55 45 74 3 4 65 9 18 74 12 76 22 35 5 26 17 61 25 44 77 27 78 79
B 31 29 48 60 42 22 23 21 14 43 37 28 34 51 41 66 67 58 57 65 59 68 49 76 55 10 69 58 3
W 47 33 32 42 41 50 49 58 23 48 40 57 39 60 56 24 65 14 13 15 21 66 75 76 74 68 5 6 4
W 50 30 47 32 33 24 42 25 20 29 28 21 10 11 19 57 56 67 68 65 23 14 48 59 60 58 69 55 46 64 76 75 77 73 49 66 34 12 26 17 35 16 2 3 1 38 37 31 54 63 45
B 31 49 50 59 51 40 32 30 21 20 58 57 67 47 29 39 11 22 19 12 20 41 42 33 23 24 14 61 38 48 66 65 46
W 50 30 31 39 21 22 40 20 12 48 11 23 19 49 42 59 60 41 32 33 41 43 51 69 68 58 70 61 78 52 69 24 67 66 65 56 75 64 57 46 66 29 6 13
W 50 30 20 48 37 21 11 33 43 58 59 42 52 68 69 67 34 24 51 46 38 47 39 40 49 12 29 25 31 41 13 22 3 23 65 64
B 39 41 40 32 50 51 60 59 49 69 61 70 58 68 42 52 43 62 23 33 24 34 31 37 25 44 19 56 47 46 65 20 11 57 66 64 67 21 28 22 29 14 15 10 13 12 5 2 4 3 48 55 73 9 63 74 75 54 36 18 27 7 16 77 38 72 74 76 63 26 17 72 1 0 63 6 8 72 6 35
B 40 20 29 28 21 12 30 10 37 23 27 19 24 14 32 58 66 57 56 67 60 65 64 75 55 69 70 59 61 79 15 51 52 42 43 50 6 33 34 48 47 5 1 11 3 13 73 74 18 9 36 2 71
W 41 39 30 29 21 38 40 43 33 34 57 20 51 52 46 56 65 47 24 69 68 60 59 25 55 12 13 37 11 10 3 1 16 17 7 78 27 18 64 45 54 36 77 2 71 62 12 42 50 48 49 26
W 41 47 39 38 48 29 56 43 55 22 23 31 32 60 11 12 30 20 21 10 13 2 51 52 69 59 68 70 58 25 16 17 24 34 5 50 79 49 40 42 71 61 67 46 45 36 54 3 27 37 9 19 7 62 78 1 4 80 26 35
W 23 49 60 30 41 22 67 14 31 12 57 24 38 29 39 37 42 46 64 34 56 62 71 44 61 32 40 53 33 70
B 32 48 49 58 39 38 40 29 57 47 59 67 68 24 23 34 43 14 13 42 52 15 33 26 65 11 55 56 66 46 5 16 64 21 22 51 61 30 31 54 63 45 44 35 12 2 19 28 6 7 4 3
B 32 38 39 48 49 58 40 59 47 57 29 37 28 24 33 14 13 34 43 16 35 26 25 22 17 12 23 20 15 4 46 61 10 19 18 11 65 56 55 66 73 30 36 2 31 9 0 1 52 51 75 76 77 74 21 64 9 30 62 27 70 69 60 79 61 50 63 72 21 13 73 65 80 71 18 9 80 68 78 79 78 72 54 6 7 5 27 73 30
W 32 47 49 30 21 20 22 43 61 24 56 29 48 33 41 46 55 51 60 50 59 40 23 15 11 10 1 12 3 2 42 52 34 25 11 57 58 2 35 26 11 66 13 64 39 67
B 40 42 51 47 41 30 22 21 13 60 50 68 57 56 67 52 43 44 34 70 11 58 59 66 49 76 28 29 37 38 20 12 3 46 35 31 32 53 58 64 36 45 19
W 40 24 22 42 51 52 50 47 61 43 56 55 64 57 65 48 29 20 28 68 66 30 39 21 38 31 41 70 69 62 60 78
W 40 33 23 24 51 22 21 13 31 12 20 56 66 38 65 30 11 32 48 39 28 49 41 50 42 57 60 67 68 58 64 37 55 27 18 36 10 29 76 19 15 14 28 2 1 19 3 9
B 40 20 38 22 58 33 32 24 23 14 15 16 13 6 21 12 31 4 42 29 37 43 51 52 61 62 70 28 11 22 30 10 27 19 9 71 18 2 79 53 36 13
W 40 42 58 38 22 24 20 48 49 57 52 51 60 43 55 46 66 65 67 64 28 61 70 53 74 73 14 15 37 54 71 6 23 5 4 29 30 19 39 47 10 36 18 59 69 50 62 68 77 32 41 52 75
B 40 42 51 47 41 30 22 21 13 60 50 52 43 59 58 67 57 66 56 12 46 37 38 29 61 70 53 71 3 31 32 39 11 55 64 45 65 23 14 24 15 4 5 10 1 20 2 9 19 18 75 68 76 78 74 77 63 48 49 62 52 54 25
W 49 31 32 23 41 24 30 22 39 67 21 43 52 42 51 59 50 56 44 16 13 14 12 34 46 47 37 55 69 60 68 58 61 38 29 45 28 77 70 48 78 65 76 75 35 26 53 5 33 25 36 54 40 4 3
W 40 42 38 23 22 32 59 57 55 68 69 60 67 50 58 70 13 49 48 31 30 78 66 14 21 4 3 5 76 77
W 40 22 21 57 13 23 14 30 31 24 42 12 20 11 15 16 25 34 26 33 7 39 49 19 48 56 47 37 46 68 64 60
B 40 42 38 23 51 52 50 61 22 13 14 31 21 15 32 24 33 34 41 68 67 58 66 59 57 43 12 48 49 47 56 5 3 46 55
W 40 20 38 22 23 14 15 32 24 31 41 33 13 12 5 60 68 59 58 69 67 34 25 37 46 28 56 3 4 42 78 79 77 50 49 70 30 29 35 44 26 45 54 36
W 40 42 38 23 51 52 50 61 22 13 12 68 14 31 4 30 32 41 33 43 39 24 29 34 58 67 66 21 20 13
W 40 42 38 23 51 30 39 52 60 41 50 61 21 69 68 49 59 31 29 20 11 19 22 32 10 48 66 13 12 47 28 37 18 65 70 71 78 57 67 55 36 46 14 15 4 25 74 73 75 6
W 58 22 31 32 21 40 30 41 23 24 13 14 47 59 68 67 66 57 76 49 67 22 48 60 69 12 23 39 38 22 11 4 61 52 70 10 19 2 43 29 28 20 51 50 42 34 9 0 1 33 53 0 37 18 35 26 44 27 36 9
B 40 42 59 38 22 20 24 60 69 70 61 51 79 49 58 48 57 56 65 50 55 47 67 14 13 25 34 23 15 32 5 16 33 41 52 43 44 71 53
B 40 42 38 59 33 34 32 25 58 67 66 57 49 65 68 75 60 51 50 46 15 24 14 61 70 44 62 52 16 23 22 26 47 37 55 29 56 12 13 30 31 10 21 20 3
W 40 42 51 47 50 23 21 29 20 32 28 37 30 58 68 38 67 66 14 15 13 25 19 57 43 34 41 33 55 64 52 59 60 76 69 27 18 36 77 75
B 40 42 33 29 41 48 58 57 21 51 60 34 24 61 69 25 16 17 15 70 79 53 20 19 65 37 66 55 10 9 1 30 31 64 50 43 39 38 56 47 73 71 63 45 7 54 67
B 40 42 38 23 51 30 41 39 48 47 29 20 46 56 57 55 21 31 19 11 37 66 67 65 12 58 49 59 33 10 9 13 1 22 2 43 60 68 34 32 50 25 69 76 52 24 44 7 78 4 77 67 54 63 45 26
B 59 30 31 22 21 23 39 29 32 38 24 12 48 33 42 34 15 47 57 43 51 14 5 20 25 7 56 52 61 6 26 17 53 55 64 63 46 45 54 41 40 55 73 37
W 40 22 58 33 21 12 30 11 42 43 52 51 41 34 19 60 69 70 23 32 13 31 10 68 67 14 2 76 75 77 59 78 66 3 1 50 49 61 20 4
B 40 22 23 59 31 48 38 47 37 24 32 33 42 43 51 14 13 15 52 34 55 65 64 70 56 66 57 58 74 76 49 12 21 4 11 22 71 61 62 68 13 50 41 22 60 69 13 44 3 53 5 6 4
W 40 42 38 23 51 52 50 61 22 13 14 21 24 32 31 15 33 5 43 68 67 58 69 66 60 56 20 11 30 12 16 7 17 19 46 78 79 77 70 55 28 29 54 63 20 9 45 64 48 59 27 18 41 14 57 29 49 76 20 25 34 29 74 65 20
W 40 33 58 29 22 56 51 23 20 19 14 15 12 43 16 5 4 13 38 30 31 3 37 28 21 39 55 48 49 64 10 52 65 46 63 54 73 72
W 40 42 51 38 50 24 30 57 14 15 43 34 41 33 29 22 66 65 67 28 47 46 39 37 64 74 56 55 48 63 12 52 61 44 13 62 71 53 70 10 6 7 5 16
W 40 23 38 58 42 20 56 60 61 52 51 70 59 69 68 43 33 24 34 77 67 28 25 16 76 78 22 13 14 31 15 21 32 22 7 46 37 36 55 54 63 45 47 27 29 19 44 62 64 5 17 30 39
B 40 51 33 29 59 34 25 60 11 56 57 48 49 66 67 43 39 58 69 24 38 37 46 47 55 50 57 23 22
W 40 51 59 60 33 58 57 67 49 66 21 20 12 34 43 42 25 32 24 38 47 37 65 50 30 46 75 68 56 11 29 28 10 19 2 39 48 31 41 64 23 55 22 73 52 61 74 53 35 76 18 27 0 9 70 71 18 31 32 9
B 40 38 29 33 39 50 58 28 37 59 67 20 30 36 46 10 12 11 14 18 69 68 77 60 70 49 48 61 25 57 66 56 65 76 75 71 78 24 15 34 16 79 80 21 62 22 52 41 47 23 13
W 40 23 33 24 21 34 43 42 51 32 41 56 38 68 13 30 39 52 33 20 29 42 66 57 33 12 22 42 65 64 33 31 11 42 59 60 33 14 19 42 50 70
W 40 23 33 24 34 20 29 28 21 12 19 11 37 30 38 51 60 59 50 69 61 49 41 67 70 79 52 56 55 64 47 65 10 25 2 3 1 31 26 17 35 7 63 48
W 40 22 58 33 21 12 13 14 31 4 23 24 13 20 22 10 43 42 51 50 60 47 15 5 41 34 65 52 61 44 28 29
W 49 31 40 32 30 21 20 29 39 11 19 13 51 67 65 61 52 60 24 33 34 59 10 1 38 43 42 25 62 35 53 71 70 56 66 79 80 57 58 71 12 3 80 68 55 71 22 23 80 64 47 71 44 34 80 75 48 71 74 69 76 77 9 75 28 76
B 50 30 39 38 31 48 40 29 57 56 66 22 23 14 24 49 58 47 41 59 68 60 69 15 13 21 16 65 6 75 67 61 70 42 71 76 77 74 79 12 5 3 4
B 59 30 39 38 47 31 29 37 20 46 13 56 48 57 41 32 42 14 12 33 15 43 52 34 60 5 28 58 50 68 69 67 16 23 17 44 26 7 36 55 77 76 78
W 58 31 40 41 30 21 39 22 50 42 51 28 43 34 52 47 25 24 35 57 15 14 33 67 68 66 23 13 20 11 29 19 32 48 49 5 38 37 76 75 77 6 7
W 40 22 58 59 50 60 67 51 42 43 34 33 41 25 52 35 61 29 23 32 31 13 38 37 28 39 30 20 48 46 21 19 12 14 64 55 15 24 65 11 3 53 70 4 54 2 56 45 62 44 63
B 58 31 30 21 40 41 39 22 50 42 20 11 10 51 60 61 70 69 59 19 29 1 52 43 62 9 27 28 37 44 53
B 40 33 51 22 21 12 30 56 11 13 46 55 67 38 37 28 29 47 19 49 34 25 32 24 58 39 31 50 59 42 41 48 60
W 40 59 57 51 22 38 47 39 49 20 12 11 37 28 46 21 42 43 34 33 24 41 32 42 13 30 67 25 16 35 17 68 2 1 3 10 77 58 65 78 76 69 23 26 27 18 36
B 40 33 51 22 21 12 30 57 67 38 28 37 66 29 20 19 10 27 11 52 55 56 65 46 43 42 61 50 60 34 14 23 13 15 64 39 49 58 59 9 48 47 3 31 41 45 53 5 1 35 16 7 17
B 49 31 38 42 21 59 58 22 41 33 51 52 30 60 50 13 32 24 12 67 66 68 75 57 48 56 65 3 2 4 23 14 61 70 15 16 6 7 43 62 25 5 15 6 34 15 10 17 76 77 40 44 55
B 40 42 38 59 33 32 41 24 34 51 23 31 30 22 14 13 15 20 19 10 28 48 39 9 4 12 58 67 66 68 21 3 11 2 5 56 65 49 55
W 50 32 31 22 30 21 23 33 24 25 16 34 14 13 6 29 20 4 5 11 19 10 3 12 38 28 37 18 26 51 59 41 49 60 69 40 39 68 43 42 67 48 58 56
B 40 33 23 58 50 59 51 21 22 39 48 49 30 38 29 41 31 47 60 43 42 24 52 14 13 34 16 15 5 7 26 32 68 67 69 70 79 28 19
B 40 33 51 22 21 12 13 30 31 20 23 21 14 32 24 58 48 60 52 57 47 56 46 28 55 61 50 25 16 34 17 59 65 66 64
W 40 51 59 60 33 29 21 20 68 34 25 43 47 46 55 37 15 69 12 56 65 57 64 48 66 11 39 38 2 1 3 10 78 79 77 61 35 44 26 30 31 41 32 58 67 54 63 45
B 49 31 30 21 39 20 33 51 60 59 50 69 61 67 70 79 58 68 42 56 37 55 13 23 14 24 22 32 15
B 40 23 33 57 47 24 21 56 59 12 13 22 11 30 20 14 46 68 69 67 51 55 34 4 16 25 26 31 28 48 39 38 32 49 41 29 37 10 19 2 1 0 18 3 17 6 15 7 35 78 8 45 5 6 7
B 40 33 23 60 58 24 69 50 49 38 20 19 10 29 21 65 37 46 28 36 18 67 68 57 76 48 52 14 66 74 13 32 22 61 51 53 43 34 41 42 59 44 50 7 5 17 15 16 71 62 70 35 75 6 64 56 39
W 60 30 47 49 42 59 29 69 21 39 20 22 24 13 50 61 52 38 37 46 55 51 41 28 45 19 58 67 48 31 40 60 66 75 74 76 43 65
W 40 33 51 22 47 29 23 32 21 31 30 20 12 39 38 48 13 56 24 49 55 64 57 65 58 50 59 41 28 60 34 43 52 25 69 19
B 40 24 42 22 57 29 30 21 38 28 25 37 15 66 56 51 50 43 33 60 68 59 67 69 58 61 34 35 3 2 4 12 5 10 46 31 39 23 26 44 71 62 79
B 40 42 38 23 51 30 39 52 50 61 32 33 22 31 41 21 24 14 25 34 35 43 69 70 11 12 19 68 67 60 59 78 15 7 5 13 6 76 16 66 8 56 46 26 3 4 2 44 29 55 54 63 45 47 37 58 64 73 72 35 20 63 48 57 22 65 17
B 40 33 42 43 51 47 29 57 67 66 23 32 31 24 14 52 61 62 60 15 53 25 71 35 37 46 58 64 5 22 21 76 77 75 49 38 28 41 45 54 36 50 59 6 13 39
W 40 22 21 30 31 20 12 23 29 39 19 38 28 13 11 49 33 24 50 57 58 48 34 59 25 16 60 68 32 17 5 15 4 51 52 41 42 50 61 35 69 26 43 79 6 78
W 40 58 57 48 49 56 66 59 65 47 64 29 30 20 51 50 42 60 61 41 32 33 69 23 31 52 43 34 53 21 68 22 67 35 46 55 37 38 54 28 45 27
B 58 40 22 42 60 38 24 56 30 39 28 29 20 25 16 33 23 68 67 31 10 59 50 69 51 70 49 52 61 62 43 44 53 21 34 52 26 11 19 12 65 64 46
B 40 42 38 29 30 59 33 34 43 52 41 51 25 44 57 24 32 37 28 47 39 15 14 66 65 56 67 48 58 64 75 46 73 20 19 54 11 49 68 69 50 60 77 36 16
W 40 24 42 22 58 29 30 21 38 28 37 43 52 34 20 19 11 10 32 61 51 53 23 60 14 12 16 67 68 59 66 49 57 50
B 40 33 38 50 49 59 23 24 58 14 22 13 41 42 12 67 66 68 4 15 76 77 75 57 56 5 3 32 31
B 40 42 59 23 22 13 21 12 32 24 20 56 33 34 25 41 31 43 16 15 6 14 11 7 8 5 3 7 66 17 57 69 60 61 52 70 51 53 68 50 49 77 76 78
W 59 21 48 32 33 47 23 57 31 49 39 41 42 58 38 22 14 46 37 40 11 20 19 28 29 10 27 9 12 18 56 55 65 28 67 36 66 30 13 51 60 50 52 43 34 61 44 70 78 69 68 64 73 74 75 77 76 79 62 77
W 58 40 22 42 20 38 56 60 24 19 10 29 21 55 64 66 65 67 57 59 46 34 25 37 9 32 23 26 17 35 75 68 16 47 54 33 49 50 31 39 36 27 45 76 74
W 40 21 30 59 22 42 58 50 67 29 20 12 38 28 19 37 13 47 39 10 11 18 3 56 57 65 34 33 25 24 15 68 77 78 75 76 43 52 77 55 69 76 53 70 61 51 71 60 62 44 35 80 79 16
B 40 23 33 58 21 24 34 12 11 13 60 56 46 39 48 47 38 30 31 29 28 37 20 38 22 25 3 32 41 42 43 51 52 5 26 17 57 66 49 7 67 65 19 68 59 76 69 58 36 55 45 67 35 78 79 70 77 27 18 78 15 16 77 54 27 78 14 6 77 4 78 73 2
W 40 33 42 38 32 57 48 47 58 66 67 24 43 13 21 22 30 12 28 10 11 2 20 37 36 45 27 64 17 16 26 19 29 18 75 74 56 65 76 23 7 34 35 6 8 25 44 55
W 50 30 48 32 29 20 37 39 47 51 60 41 59 38 28 19 24 43 12 21 14 16 34 13 52 42 44 61 15 53 25 4 17 67
W 40 33 51 22 38 58 56 60 61 52 43 50 42 41 34 24 69 59 25 20 15 65 66 57 64 47 55 46 37 48 45 14 19 10 29 18 28 21 32 23 31 70 53 71 76 77 74 16 17 7 79 68 78 80 78 62
W 40 33 51 22 21 12 30 11 34 25 56 60 42 57 66 67 58 48 65 68 49 52
B 50 48 21 31 22 41 42 32 51 30 20 58 37 69 25 46 38 49 47 56 55 64 45 23 70 61 68 79 71 59 60 77 78 29 28 69 52 67 16 13 12 14 3 63 54 6 39 40 7 33 34 65
W 39 42 41 50 33 40 32 49 31 52 43 51 47 20 12 21 13 30 37 28 48 11 58 67 66 59 57 55 36 27 2 1 9 3 15 65 68 69 76 46 38 34 25 74 63 64 72 45 70 78
W 40 60 42 29 21 47 57 24 20 56 67 43 65 19 10 37 18 27 28 64 73 19 34 33 52 41 51 50 59 49 28 61 44 19 32 48 68 23 28 62 53 19 13 25 69 9
W 40 33 42 51 41 43 38 47 37 58 52 34 59 50 49 60 57 68 67 22 59 69 12 21 20 13 11 58 32 23 15 24 59 30 58 39 48 56 65 76 61 31 66 70 77 78 4 5 3 14 55 29 28 53 75 77
W 58 31 30 21 40 32 20 59 39 67 41 33 42 13 12 22 66 57 56 49 48 61 34 11 10 3 58 25 68 69 76 43 52 35 51 53 60 19 29 9 70 27 36 71 62 37 28 1 18 61 10 79 0 77 78 9 19 77 50 78 0 2 9
B 40 42 38 23 51 52 50 30 33 32 41 43 31 22 21 12 20 60 59 69 11 68 3 24 67 76 66 75 74 77 65 13 4 5 2
B 40 42 38 59 33 34 32 25 58 67 68 57 49 69 66 77 65 14 13 22 12 23 21 31 41 30 29 56 55 75 51 43 73 50 24 15 39 5 16 7 17 26 4 8 74 68 76 20 11 75
W 49 31 30 21 39 20 42 67 23 22 14 37 46 47 57 66 55 38 56 60 61 52 59 51 68 50 41 58 69 70 71 62 79 80 29 28 71 40 48 80 19 10 71 32 33 80 18 9 71 24 25 80 36 27 71 34 15 80 19 45 71 64
B 40 33 51 47 23 58 38 37 28 39 29 48 31 52 43 42 61 50 60 34 53 24 67 66 15 16 68 14 13 6 46 55 36 12 21 4 64 22 11 54 65 56 75 30 13 76 3
W 40 42 38 37 28 47 39 58 57 66 59 49 50 48 41 23 13 43 46 55 15 24 16 14 5 22 12 69 67 56
W 40 42 38 59 33 29 28 19 37 22 23 14 15 32 24 41 31 13 43 52 44 20 51 50 60 69 61 70 53 56 57 66 67 48 58 49 65 68 75 47
B 40 23 21 42 58 20 29 11 28 12 22 13 60 61 51 52 41 33 70 71 69 19 32 24 18 9 27
W 40 23 42 57 47 56 21 33 43 12 13 22 11 30 20 14 31 4 46 60 25 34 35 16 61 70 59 68 51 69 58 67 64 48 39 49 50 38 24 32 41 55 37 54 15 6 26 17 44 7 2 3
B 40 33 23 38 51 52 61 43 20 56 66 65 37 58 59 49 41 68 24 25 16 29 67 69 60 70 71 53 79 62 77 80 48 57 71 32 31 80 47 78 55 17 64 73 50 74 63 22 13 76 15 7 6 26 8 46 45 39 46 42 21 7 35 34 8
B 40 42 38 59 23 57 33 41 31 34 25 37 28 47 46 39 29 32 49 24 58 67 15 55 66 68 65 16 33 45 64 24 14 22 21
W 40 23 33 57 21 38 39 29 22 42 58 48 49 34 24 25 15 60 66 65 69 70 68 52 64 55 74 20 46 47 56 12 54 13 14 37 16 36 79 71 50 51 4 11 17 41 32 26 3 2 5 30 31 45 9 55 44 53 46 18 19 55 43 35 46 28 27 55 43 44 46 18 55 10
W 40 23 21 57 47 12 11 60 51 59 43 13 61 50 33 25 56 41 32 31 24 30 15 29 48 66 65 49 37 28 39 70 71 74 73 75 55 79 27 18 36 42 19 20 10 34 16 52 26 44 14 22 5 17 38 4
W 58 31 32 41 40 42 23 22 13 12 14 49 39 48 38 47 46 55 37 59 33 20 21 54 43 52 34 10 29 19 56 57 65 3 51 50 60 69 61 70 53 64 71 66 79 68 4 2 27 18
W 40 23 42 57 47 60 21 12 13 22 11 30 20 14 3 31 48 33 43 58 34 41 50 49 32 39 41 37 59 68 69 67 61 78 70 38 28 16 79 77
B 40 21 29 59 51 57 23 14 15 13 33 20 37 19 60 47 38 46 67 49 68 39 30 31 41 48 22 36 32 28 66 65 74 73 75 31 64 55 56 6 7 65 72 12 5
W 58 22 40 33 29 50 59 60 49 20 19 10 21 11 42 43 41 52 28 12 69 70 51 61 30 32 68 18 9 0 27 78 77 79 9 1 31 14 18
W 40 42 38 23 22 13 12 59 58 67 32 21 31 14 66 33 68 69 76 20 60 61 50 70 51 52 19 10 28 9
B 49 32 30 51 23 24 22 56 60 59 50 58 57 48 42 52 43 61 69 70 66 41 40 68 47 33 15 16 14 46 39 38 65 48 28 64 47
B 40 22 58 57 48 56 67 47 38 50 49 37 23 32 31 24 14 15 13 42 41 33 29 28 19 10 18 66 27 46 64 36 20 54 61 52 60 51 6 7 5 17 63 55 74 75 76 73 72 59 68 70 69 62 79 71
B 50 30 29 39 20 38 13 41 49 57 42 33 34 43 51 25 48 47 56 65 55 67 64 73 40 46 24 21 12 35 32 15 34 28 19 33 66 75 34 69 52 33 23 17 7 6 34 10 11 33 58 66 34 61 68 77 44 18 62 71 60 53 9 43 70 79 44 0 62 70 45 36 2 54 1 53 43 27 9 59 62 68 53
B 40 22 29 56 58 39 30 31 38 41 48 50 59 60 69 70 61 51 79 68 71 67 57 66 55 64 33 32 46 63 52 43 24 42 14 13 34
B 40 21 29 20 23 38 59 42 34 68 30 28 19 10 67 32 22 31 39 24 15 60 69 16 33 41 77 25 12 11 43 47 51 14 13 6 37 18 46 48 49 55 65 57 64 36 63 4 50 3 54 45 56 66 75 46 26 17 35
W 40 42 38 39 48 30 31 47 21 29 20 37 28 38 56 19 23 60 10 55 57 27 64 63 34 33 24 68 50 43 25 9 67 59 70 61 75 71 1 73 65 58 49 51 44 53 35 77 76 54
W 58 22 31 32 21 41 23 13 24 30 40 49 39 48 38 50 12 47 37 33 25 46 60 59 68 70 61 69 43 34 35 36 19 71 62 51 44 52 53 67 27 45
W 40 42 38 37 28 47 39 57 33 34 24 41 58 32 23 31 12 49 48 29 50 30 49 46 66 11 25 43 13 56 61 60 69 68 67 70 51 78 52 59 76 77 71 62 53 65 79 80 62 26 17 44 79 16
W 40 42 38 37 46 29 39 22 51 52 60 41 50 23 20 30 28 19 36 61 24 33 34 43 16 15 25 14 70 71 69 21 10 11 18 20 31 32 62 53 79 1 9
W 40 42 41 51 59 37 33 34 24 60 38 29 46 47 39 19 36 28 56 22 13 12 69 70 68 25 14 21 16 17 26 35 79 32 23 31 6 4 61 52 71 53 43 44 50 7
W 40 42 51 47 29 58 57 66 49 59 33 32 41 24 43 21 20 34 56 65 55 70 69 60 61 68 25 42 71 33 79 48 77 46 67 76 50 78 35 16 77 67 64 73 74 78 70 63 72 30 54 39 37 45 12 13 11 36 27 9 4 14 10 18 19 28
W 40 33 23 38 51 24 14 52 61 43 59 15 20 56 28 67 46 55 58 37 66 65 68 57 76 36 6 7 5 25 29 39 30 62 71 53 70 27 18 32 31 74 75 49 50 48 41
B 40 33 58 38 22 51 24 25 32 42 56 20 28 48 49 55 29 65 57 37 19 63 16 15 14 23 66 74 24 68 6 34 59 60 69 70 47 46 39 27 18 17 36 45 77 78 76 7 8 26 7 27 67 69 36
B 40 42 38 24 59 37 28 47 39 57 51 41 50 46 14 15 23 52 61 43 32 70 66 67 58 68 65 19 69 78 60 62 49 29 33 34 16 25 6 7 8 26 20
W 58 30 32 60 42 47 21 20 22 67 68 59 66 49 57 69 48 77 38 39 46 37 56 29 40 31 50 23 14 24 15 33 11 10 12 41 51 49 61 70 40 32 16 49 43 47 40 1 34 62 38 36 25 47 55 3 53 52 38 2 13 44 19 28 75 76 4 18 35 53 45 49 47 40 64
W 40 23 21 57 33 38 58 67 66 65 48 75 56 59 66 20 57 30 68 32 24 41 52 60 14 77 76 15 16 67 69 70 76 13 74 5 61 42 43 46 31 22 39 29 7 64 55 54 47 37 6 51 14 4 15
W 40 33 23 60 59 50 49 58 68 57 51 41 61 31 47 56 38 20 30 42 52 67 69 21 32 48 39 24 22 15 14 46 37 55 43 5 4 6 19 12
W 60 30 47 49 42 59 29 20 19 21 37 69 23 39 51 38 28 65 56 64 10 11 55 67 70 79 71 15 14 24 33 5 4 7 25 16 34 13 32 3
B 49 31 42 33 32 41 23 51 40 43 50 42 30 28 46 12 13 21 22 10 60 61 69 15 20 11 29
B 40 42 38 23 51 30 39 52 50 61 22 31 21 29 32 33 41 20 11 10 14 24 12 37 46 1 36 19 15 16 7 3 25
W 60 20 30 21 31 22 29 59 23 14 15 24 32 16 57 51 33 6 61 58 52 56 66 48 49 46 39 47 50 65
B 58 30 31 22 23 21 40 60 14 42 38 32 25 29 37 28 13 39 48 47 56 46 55 36 52 43 69 68 59 70 51 61 67 78 11 12 3 10 50 41 49 53 76 54 77 64 69 79 65 24 34
B 59 21 30 29 38 31 39 20 33 42 41 32 40 24 34 51 25 14 15 23 60 56 46 55 66
W 40 42 38 37 28 47 39 57 50 23 67 58 59 66 14 15 13 22 12 25 52 51 60 43 46 55 36 68 69 76 32 33 78 21 64 63 65 56 73 77 75 74 6 72 16 24 20 7 8 41 53 5 4 26 71 17 44 31 30 7 35 45 54 5 11 45 37 6 54
B 40 23 33 24 21 42 51 43 57 37 29 65 55 28 19 11 20 56 46 47 38 64 27 59 58 50 41 68 34 52 32 25 26 17 35 67 7 12 22 13 14
W 40 42 38 37 46 29 47 21 51 52 50 60 22 13 30 23 20 31 28 41 59 70 69 61 12 49 58 22 68 11 10 3 48 1 79 9 19 71 18 2 0 78 77 9 4 5 0
W 40 42 38 39 48 30 31 47 56 46 37 49 57 29 28 22 50 19 23 13 14 51 21 20 12 55 64 27 54 36 69 70
B 40 42 38 37 28 47 39 57 58 67 33 34 24 59 43 41 52 32 23 31 46 55 22 61 51 50 36 60 25 30 21 29 20 53 35 49 54 63 45 48 64 37 38 65 72 39 56 74 37 62 44 55 19 56
B 50 22 48 33 20 56 47 46 37 58 57 66 59 67 55 49 41 40 32 23 24 25 15 29 31 28 21 65 39 30 45 19 10 11 12 1 9
B 59 31 57 33 29 56 48 60 51 68 69 61 67 20 19 21 52 50 77 43 10 49 30 13 70 47 37 58 66 68 23 59 22 39 38 40 65 14 12 24 71 32 11 62 22 3 2 4
B 40 23 33 21 58 38 56 51 42 50 31 59 67 68 22 13 43 52 29 20 70 71 69 77 53 62 28 30 39 19 37 25 15
W 49 31 30 21 29 40 48 50 59 60 22 23 13 41 14 68 66 39 38 47 46 56 57 55 37 64 73 74 65 72 75 24 15 16 7 58 73 6 63 8 12 67 5 25 7 76 54 6
B 50 30 47 33 32 48 57 23 41 39 58 22 28 52 20 60 21 31 59 42 12 68 67 69 6 37 38 29 19 56 46 55 36 65 15 24 16 73 63 75 76 54 66 77 45 25 17 51 74 13 4 75 5
W 59 30 32 23 24 22 47 48 38 39 29 20 19 56 11 21 55 33 42 34 41 25 57 58 65 66 56 49 68 43 61 67 79 51 50 52
W 40 42 38 37 46 29 39 21 22 13 51 50 41 60 52 59 61 56 23 14 70 55 28 19 36 15 67 58 66 57 68 69 78 43 65 64 73 79 80 77 76 74
W 40 42 38 37 46 29 39 21 51 52 60 32 61 41 50 43 28 19 36 18 30 20 31 22 53 44 62 27 37
W 40 42 38 23 51 56 41 59 60 30 39 68 33 20 58 67 57 66 55 64 47 65 24 15 16 14 19 10 29 12 31 28 37 69 27 9 21 11 70 79 71 54 45 63 7 22 6 5 50 18 28 46 30 55 36
B 48 32 31 22 41 42 33 23 51 43 52 34 40 56 66 57 67 58 59 37 28 38 29 30 21 39 12 10 19 13 11 65 49 47 50 75 68 36 9 24 76 63 74 73 44 35 53 3 2 4 27 75 16 15 74 70 69 75 6 25 74
B 49 31 38 67 21 22 12 42 51 52 41 33 61 60 50 70 32 24 23 15 59 69 68 77 66 75 58 76 74 78 56 13 14 5 3 4 30 40 39 6
B 40 21 23 58 29 51 57 66 67 56 48 68 65 76 55 20 13 28 37 38 47 12 10 30 39 36 29 32 31 38 46
B 40 33 51 47 23 24 14 52 61 43 29 58 57 48 49 59 66 60 55 20 28 46 56 30 39 19 31
B 40 33 23 24 51 14 38 47 48 56 37 58 68 67 59 49 41 46 13 22 76 75 12 32 43
W 40 42 38 37 28 47 39 57 58 67 68 59 49 69 66 77 65 55 56 20 19 23 51 50 33 32 43 41 24 52 14 13 16 29 11 31 48 5 6 15 53 61 14 46 64 15
W 40 42 38 37 46 29 39 21 51 52 22 13 14 23 31 12 60 24 61 28 15 16 34 43 33 32 41 25
W 58 51 41 42 32 33 23 37 19 56 47 46 65 20 11 21 12 28 10 64 57 55 67 39 61 60 69 24 15 16 14 52 70 7 73 48 53 44 62 34 22 59 68 30 27 36 18 6 5 63
W 40 38 42 43 52 33 41 23 47 46 22 13 56 55 12 21 31 11 37 28 39 29 14 3 24 60 58 25 32 34 51 15
B 40 42 23 38 51 52 60 41 49 24 15 32 22 16 31 14 56 20 13 46 5 34 28 19 29 30 21 39 11 10 1 55 9 37 18 66 57 65 67 36 61 62 71 53 7 70 79 80 64 73 71 69 68 80 63 54 71 17 78 50 75 72
W 40 42 38 37 46 29 39 21 22 13 14 23 31 15 33 34 51 43 41 60 52 61 50 66 57 67 65 5 25 79 68 59 58 69 28 19 36 24 44 32 35 33 10 11 18 16 20 26 53 19 75 77 20 1 30 12 62 71
W 47 39 48 40 28 49 43 58 60 20 29 21 66 67 65 69 24 61 14 19 52 27 37 55 46 64 30 31 22 13 23 12 73 51 62 70 10 1 2 9 0 18 1 75 63 54 36 4 42 72 74 76 63 57 56 72
W 58 40 22 42 24 60 56 21 12 11 20 30 10 66 67 13 2 23 14 31 4 15 22 57 48 13 69 5 61 28 19 46 47 38 3 59 68 52 70 55 64 49 65 63 27 39 36 37 53 44 62 73 75 54
B 58 40 21 38 23 33 24 66 57 56 67 65 51 42 52 25 29 28 19 30 20 50 59 43 37 46 70 36 16 17 7 18 31 39 32 41 10 60 61 9 75 74 76
W 40 42 38 37 28 47 39 58 50 23 56 48 46 55 36 65 59 57 67 66 14 15 13 22 21 5 12 52 61 41 32 33 31 24 51 43
B 40 42 38 37 28 47 39 57 58 67 51 23 68 59 49 66 13 52 60 22 12 14 46 55 36 64 61 21 76 75 20 43 25 16 53 41 50 44 54 63 73 45 37 48 65 77 74 69 70 59 32 33 68
B 40 51 38 29 37 22 42 59 57 43 33 19 67 68 34 52 14 13 30 21 28 20 70 69 77 79 61 71 62 48 49 58 66 41 50 53 80 31 39 71 32 60 23 5 6 4 16 1 18 9 27 35 26 44
W 40 42 32 29 47 21 51 50 41 60 52 59 61 70 71 43 69 79 78 53 80 70 79 44 67 68 77 62 58 70 61 24 23 15 14 25 37 28 49 51 33 34 2 11 3 1 5 12 4 19 6 7 38 36 45 27 30 22 31 52 76 70 17 26 61 55 46 70 9 10 61 56 70 65 54 63 74 73 66 75 16 8 74 48 39 75 16 17 74 13
W 59 31 57 49 58 42 13 22 12 14 29 38 28 37 10 55 56 20 19 47 15 61 51 52 41 40 43 33 24 34 69 23 5 65
W 39 41 50 51 59 40 48 60 31 49 58 32 22 23 13 57 66 56 65 55 69 29 30 20 14 70 68 15 46 47 38 37 28 45 19 64 79 61 76 74 16 78 34 42 24 80 43 10 11 27 21 18
W 47 33 32 42 14 24 59 29 30 21 22 39 31 38 49 48 57 56 20 19 65 46 12 64 61 15 43 51 52 60 69 40 10 66 67 58 50 41 57 11 2 58 68 34 76 28 74 57 75 70 79 44 71 5 4 6 73 23 13 63 53 35 18 27 9
B 40 33 23 38 24 60 20 57 58 48 49 34 66 65 67 30 21 55 69 70 51 52 59 61 42 78 43 68 53 28 19 62 44 31 29 39 32 22 13 37 75 18 9 27 10 74 76 77
W 40 42 38 39 48 30 31 47 56 46 37 29 55 22 50 51 23 13 28 19 14 11 33 59 58 41 32 49 45 67 50 66 60 49 4 57 21 47 12 20
W 40 23 33 24 21 34 57 38 19 56 65 48 58 49 50 59 39 47 68 60 51 69 32 64 43 12 11 13 66 76 73 55 25 16 35 29 22 17 61 67 3 14 70 77
W 31 49 48 57 39 56 51 13 11 24 33 25 46 69 59 68 58 67 55 52 43 61 12 22 23 14 32 21 20 50 4 6 65 66 64 47 38 30 40 60
W 40 33 42 51 41 43 38 37 28 47 39 58 57 48 52 34 49 56 60 22 66 67 65 64 55 46 63 54 73 72 13 12 63 53 61 72 23 14 63 19 55 29 45 27 24 25 15 32 5 31 16 3 4 17 7 70 62 30 50 59
W 58 30 41 23 24 15 32 22 38 59 50 67 68 60 66 49 57 69 76 43 34 51 16 14 40 29 37 28 27 18 36 10 78 79 77 42 33 61 6 5 7 39 48 35 26 44
W 40 33 32 42 24 29 47 59 34 43 21 46 55 37 58 67 50 60 66 57 56 11 20 19 12 10 48 25 16 35 68 69 76 15 23 7 14 17 51 61 45 36 54 38 52 53
B 33 49 38 31 51 56 21 24 25 30 29 20 11 19 12 10 1 22 28 16 59 43 34 42 52 41 44 58 68 17 15 23 7 14 70 46 74 66 75 73 67 65 76 64 39
B 38 41 50 47 40 32 31 51 60 22 48 59 49 61 23 69 42 33 24 34 25 43 21 13 12 56 37 26 17 35 15 64 46 55 57 66 58 67 54 45 36 63 45 7 4
W 59 32 31 23 40 41 50 37 22 43 52 56 34 13 12 14 42 21 38 20 28 39 46 49 58 47 36 30 19 10 55 64 66 65 29 18 54 9 27 33 44 25 26 16 57 48 17 63 74 73 75 7
B 40 42 38 37 28 47 39 57 58 67 68 59 49 65 76 66 33 34 24 60 25 43 46 55 36 26 17 35 16 41 32 48 50 51 54 63 45
B 50 30 39 38 31 22 40 23 29 21 47 37 46 42 51 52 61 28 34 25 19 20 27 33 36 10 29 43 53 44 62 9 41 18 28
W 40 38 29 30 39 20 28 47 57 56 21 31 32 22 12 13 11 41 58 37 19 33 65 64 51 50 59 60 42 23 61 69 70 66 49 32 34 25 43 76 68 15 26 17 35 27 18 36 67 74 4 5 3
W 58 23 32 22 39 33 42 37 24 34 15 43 41 51 21 20 12 31 30 40 50 49 59 48 47 57 60 14 38 52 61 16 66 56 65 55 46 45 28 36 27 54 10 62 71 53 70 64 73 67 68 72 63 74
B 50 23 38 47 39 48 49 37 28 46 21 19 33 20 12 34 43 24 32 16 35 26 25 31 22 34 44 42 41 51 60 52 25 29 17 30 14 67 68 58 59 11 76 3 15 66 75 74 77 65 4 40 2 1 3
B 40 38 42 57 58 67 48 59 49 47 66 56 68 43 34 33 32 24 25 15 23 14 13 12 21 4 22 51 41 16 52 26 44 11 28 19 29 65 76 37 27 63 9
B 48 32 31 22 21 23 12 50 59 39 40 49 41 51 42 43 38 33 30 58 52 25 44 34 67 57 60 61 56 66 75 65 64 53 74 52 69 70 78 79 77 13 4 5 3
B 32 38 58 34 52 42 50 41 40 31 30 22 39 29 21 23 47 46 56 55 24 12 20 65 66 48 57 19 11 13 64 63 74
W 40 42 38 37 28 47 39 57 58 67 33 24 32 34 68 59 49 66 43 25 23 52 51 44 60 46 15 16 14 27 61 7 18 29 19 20
W 40 22 58 67 66 59 49 51 42 43 21 20 12 30 29 31 13 38 28 14 23 32 24 11 15 37 39 19 33 27 68 69 76 61 50 60 34 44 55 3 5 56 46 47 65 45 63 29 35 79 77
W 48 50 31 42 24 20 21 29 46 37 68 58 57 67 66 76 38 39 47 12 40 13 60 52 61 51 71 79 59 49 77 53 62 23 32 33
W 48 32 41 42 31 22 40 33 21 13 60 51 59 20 12 29 30 46 15 23 55 56 37 64 38 3 66 65 54 63 2 4
B 40 59 51 56 22 50 41 42 60 69 70 68 43 33 34 21 57 66 47 48 39 13 23 14 15 24 16 29 55 58 38 28 65 64 57 61 52 56 12 11 57 79 71 56 5 3 57 62 53 56 74 75 57 31 49 32 25
W 40 42 59 38 21 23 33 32 41 34 51 24 56 55 64 47 57 30 19 31 13 52 61 62 71 53 70 28 20 14 54 46 1 63 72 45 65 63 73 18 9 27 5 6 4 22 12 48 49 54
W 58 22 31 23 30 21 32 33 42 29 24 34 43 38 15 49 48 57 50 47 40 66 14 13
B 21 49 47 23 51 33 69 56 55 46 37 48 38 64 45 66 43 12 13 22 11 30 20 34 35 68 25 70 14 24 15 16 26 60 61 78 59 50 69 17 44 60 42 41 69
B 40 38 29 30 39 20 28 47 57 19 21 31 32 22 23 12 13 21 59 56 66 60 69 51 70 15 14 34 16 25 24 17 7 41 42 50 49 52 33 43 26 4 6 3 5 68 58 61 62 71 80 53 35 71 77 79 67 65 75 44 26
B 21 49 47 42 24 31 22 38 48 39 58 59 50 40 68 60 66 46 69 25 16 33 14 56 57 61 55 28 45 36 37 15 6 46 19 20 11 64 37 10 27 18 34 36 46 43 26 12 70 71 13 2 30 29 4 44 35 3 32 41 79 27 23
W 40 42 38 37 46 23 51 52 50 61 22 13 14 21 24 31 32 39 22 29 47 23 43 48 57 49 41 58 66 22 28 19 59 67 68 77 78 76 70 64 55 27
B 21 59 42 40 38 22 24 30 29 15 12 23 60 50 51 69 70 67 78 77 68 19 20 69 32 31 68 46 76 75 47 55 56 65 58 77 49 41 76
W 40 42 38 37 46 23 22 13 51 52 60 41 31 50 32 24 12 59 67 47 48 56 55 57 58 49 39 68 65 76 66 14 33 34 3 4 75 77
W 40 42 33 29 41 51 34 59 58 67 66 57 49 68 56 22 61 48 38 65 39 75 20 23 15 24 25 16 17 19 21 30 28 31 10 37 18 47 46 55 43 45
B 21 49 47 32 60 58 34 56 29 46 37 48 38 22 42 25 68 33 43 13 12 3 2 4 10 67 26 16 55 64 45 70 69 61 79 63 65 57 17 35 44 77 52 71 15 24 41 50 40 39 31 14 51 30 73
B 40 42 38 37 28 59 58 67 50 57 49 60 51 29 30 20 46 19 36 52 13 34 65 66 24 25 16 32 23 17 7 56 64 55 54 21 31 22 33 12 5 43 41 10 2 3 18 9 1 27 61 37 70 68 28 63 37 45 53 39 48 47 54 14 72 4 15 6 44 62 71 26 62
B 50 30 39 38 29 47 48 31 20 56 13 67 41 14 22 60 59 43 68 24 52 32 23 42 51 15 37 46 28 65 44 35 53 4 11
B 33 48 59 50 51 60 49 41 58 40 42 57 66 65 69 21 20 12 39 38 30 29 31 14 15 23 32 24 47
B 40 58 22 13 14 21 32 29 60 69 38 37 47 46 70 56 12 11 4 68 49 61 52 51 62 50 19 28 55 57 20 10 30 18 21 2 27 36 64 65 45 54 63 9 3 73 45 27 1 54 61 72 59 48 78 67 39 77 79
B 30 56 49 24 42 12 57 66 67 48 58 37 28 38 39 47 65 64 75 29 21 13 20 19 10 27 11 43 34 33 25 16 52 41 51 40 32 31 23 22 15 50 59 9 73 63 14 1 4 2
W 40 38 47 46 48 30 55 51 31 21 33 68 59 60 67 58 50 69 66 43 13 22 23 12 37 28 45 14 15 4 42 27 34 52 44 71 39 29 6 5 53 62 35 36 77 78 76 46 3 2 37 24 25 46
W 31 49 50 59 51 40 32 30 21 29 58 57 67 66 68 20 12 60 61 11 48 39 47 41 42 76 78 56 22 3 4 2
B 50 47 39 38 48 56 32 60 68 34 51 52 61 43 24 30 21 25 16 41 31
B 58 31 30 39 40 32 41 42 21 13 33 38 24 14 12 51 59 15 16 7 17 34 25 44 56 55 22 23 4 26 35 50 49 26 46 8 37 29 19
B 32 48 49 57 39 58 38 24 23 50 33 40 31 34 43 16 51 14 13 21 30 6 35 12 22
B 32 58 49 59 50 20 57 60 47 14 22 13 52 51 43 66 65 75 70 61 62 42 33 71 80 69 67 79 78 77 21 12 19 10 25 79 29 11 78 39 48 79 28 9 78 53 74
B 30 59 50 58 48 51 41 21 20 29 38 28 11 56 57 66 42 49 40 37 65 47 39 67 64 54 63
B 30 60 50 56 51 21 22 13 20 12 38 23 59 66 31 68 24 15 32 14 69 78 61 58 25 11 46 64 10 19 28 18 48 29 55 70 20 1 57 60 27 9 69
W 50 20 29 21 23 48 56 57 47 39 28 30 68 65 64 67 74 75 66 41 76 33 43 34 51 19 16 25 17 15 14 24 35 26 40 32 49 31 58 38 37 44
B 30 50 41 42 49 59 33 29 40 34 43 51 25 58 38 32 24 20 37 14 13 22 12 21 23 11 15 31 56 65 64 57 47 73 66 75 74 39 48 65 67 68 74 3 76 4 52 61 69
W 40 42 38 29 30 59 58 20 37 14 68 50 69 22 52 43 32 33 51 41 21 49 12 57 67 48 39 66 60 55 13 23 5 6 4 53 62 44 70 15 46 45 36 54 75 74 76 56 31 11
W 58 31 30 21 40 32 20 41 39 59 50 51 49 69 22 67 66 12 13 14 11 23 3 75 74 76 5 56 15 25 55 64 47 57 48 65 16 34 17 46 37 54 26 35 24 33 36 45
W 59 30 41 48 23 22 37 24 32 14 15 16 13 6 21 31 39 29 38 40 49 20 34 58 50 47 46 65 55 64 56 57 68 66 28 19 12 11 2 18 27 4
B 47 33 50 31 29 57 48 58 49 60 59 68 51 61 67 66 69 76 70 21 20 11 64 65 34 43 25 52 42 24 44 16 17 10 55 74 15 14 7 19 28 5 30 22 73 78 79 77 62 6 16 40 18 9 27 39 32 23 41 38 37 56 53
B 32 29 39 38 57 43 51 52 47 30 60 24 23 33 15 40 41 48 56 58 67 61 11 12 13 3 21 20 10 22 31 21 37 28 46 1 9 4 14
B 39 51 42 41 33 32 24 59 56 23 15 29 30 21 20 11 19 13 52 61 43 28 37 66 10 1 38 65 64 57 49 50 55
B 40 33 51 38 23 52 61 43 59 24 14 15 56 55 46 47 64 57 65 37 20 19 10 29 11 45 66 9 6 7 5 25 48 21 12 62 63 54 71 53 70 41 32 50 49 42 30 60 69 39 31 1 2 51 0 68 58 1 16 17 0 18 1
B 50 30 39 29 31 22 38 60 59 51 42 43 23 37 46 28 32 47 48 56 55 57 64 68 67 58 49 66 69 76 70
B 38 41 43 39 29 48 47 57 24 23 60 52 51 34 61 33 12 68 69 21 20 13 30 31 22
W 49 32 31 22 23 24 14 21 33 41 25 42 15 40 47 58 43 48 38 56 55 64 65 57 63 29 73 52 39 30 59 68 60 50 61 44 34 51 69 67 53 62 71 78 53 46 35 37
B 50 23 31 22 30 21 20 32 48 56 57 29 19 28 47 51 60 59 42 41 49 52 69 10 43 34 11 18 37 12 53 33 61 35 38 2 36 40 39
B 30 42 41 51 50 60 33 34 59 37 28 38 29 56 24 25 69 70 67 66 64 48 79 15 14 16 65 75 57 58 55 46 49 57 39
B 41 39 48 47 57 40 50 32 33 24 38 29 37 30 23 31 25 49 58 42 15 34 24 59 51 60 43 52 42 55 68 13 22 12 21 20 11 10 19 2 28 11 64
W 49 23 31 22 21 32 30 41 48 50 68 59 67 69 60 70 13 14 61 40 39 58
B 40 38 42 57 29 33 32 43 34 24 52 25 44 13 47 48 39 37 23 14 20 50 49 58 59 16 55 64 46 56 28 54 36 68 60 69 70 66 12 22 79
W 40 38 42 43 34 51 32 59 58 67 57 66 20 56 29 49 39 48 37 52 46 35 26 25
W 40 42 38 37 46 29 39 59 22 24 50 51 58 68 13 55 47 67 65 66 56 14 4 23 32 33 75 41 31 76 74 49 5 6 57
B 21 59 50 51 58 60 49 20 29 28 11 19 38 37 13 56 47 46 65 64 66 10 1 31 30 73 43 42 34 33 24 23 15 14 5 68 57 52 55 54 63 56 70
W 40 29 42 48 21 20 49 57 58 12 13 22 30 14 38 39 31 4 46 65 28 19 64 67 68 55 54 56 76 63 72 74
W 40 47 57 42 56 22 32 29 23 59 13 12 21 20 46 30 31 67 38 37 48 27 21 11 52 43 51 50 69 60 61 70 71 79 78 53 80 70 79 44 68 76 58 62 66 70 61 52 75 25 34 33 16 70 77 17 24 35 7 22 61 41 39 4 14 5 3 2 9 10 45 28 18 0 21 19 22
W 30 58 48 57 49 24 59 56 68 37 34 41 50 42 47 46 64 55 43 22 21 25 76 19 29 28 11 10 1 65 74 73 72 54 13 52 61 51 7 60 70 69 78 79 80 14 5 15 62 53 32 33 31 6
B 39 41 58 22 24 20 13 23 14 33 12 21 25 47 56 55 48 65 66 57 38 56 50 37 43 67 68 75 11 51 42 60 69 52 44 34 35 59 49 32 61 10 1
W 48 32 30 50 23 24 31 42 58 14 59 20 29 12 60 19 28 27 36 18 46 52 22 13 61 62 71 53
B 40 38 42 43 34 21 47 51 41 59 58 67 66 57 49 68 29 20 28 30 37 24 52 61 15 14 16 19 22 23 31 13 44 65 56 75 64 73 55 25 62
W 51 30 23 57 29 32 33 41 42 20 38 39 56 47 46 48 64 65 55 19 66 67 74 22 14 61 68 59 76 60 52 13 4 24 15 25 16 34 26 53 35 37 2 50 43 69 58 12 3 49 1 67 27 36 58 9 45 28 67 78 10
W 30 59 32 29 38 37 28 20 19 39 47 21 31 10 46 14 15 13 24 18 36 42 9 2 27 33 23 48 49 57 50 60 51 52 61 65 58 67 70 55 1 0
B 21 49 33 51 56 24 32 47 46 38 57 31 23 20 30 37 68 11 12 43 34 55 64 45 61 63 59 50 40 58 67 60 69 70 71 79 78 3 4 2 14 48 65 73 75 35 26 53 44 52 80 35 29 28 44 39 41 35 19 10 44 13 22 35 9 18 44 70 79 35 1 0 44 5 6 35 25 62 74 54 70 72 44 76 77 35 36 27 44 42 35
B 21 49 60 38 58 57 66 59 67 50 68 51 24 69 56 48 55 12 13 11 20 19 28 29 31 1 18 9 10 65 19 64 63 73 54 77 72
B 30 59 50 58 49 13 57 66 60 69 65 51 61 42 32 70 21 12 11 10 20 15 33 2 16 19 28 25 24 7 14 17 5 34 41
B 59 31 40 39 32 23 41 30 24 15 37 28 20 29 14 22 16 57 66 58 67 33 6 25 15 50 51 42 49 48 50 52 69 34 26 35 17 61 13 44 55 12 11 21 4 3 70 62 19 46 27 45 36
W 21 49 40 41 48 57 39 50 56 65 43 52 60 51 66 58 64 23 14 15 22 32 6 13 4 5 67 68 14 12 11 5 59 3 70 47 55 20 29 19 28 30
B 50 21 23 38 57 51 42 59 39 49 41 58 48 30 40 52 37 28 47 29 13 12 43 70 60 61 66
B 50 21 47 33 20 29 30 19 11 39 31 38 32 42 48 46 55 37 10 56 57 65 64 49 58 40 41 59 66
W 21 49 60 42 67 23 38 47 46 56 55 39 30 37 29 64 28 54 36 66 43 34 58 51 40 48 52 61 70 59 69 44 62 13 12 3 2 4 32 33 68 50 22 15 11 76 77 75 63 72 45 63
B 58 21 47 24 31 51 33 14 23 15 43 57 48 67 66 68 56 52 59 60 70 69 71 22 32 44 25 79 19 16 11 30 12 13 39 28 1 26 34 9 18 50 49 3 37
B 22 59 33 20 47 13 14 31 23 65 49 50 40 37 38 28 66 57 58 67 68 75 69 61 60 51 52 53 43 70 41 78 42 77 79 80 46 55 12 45 10 11 2 21 4 19 56 64 62
W 22 48 60 41 29 23 14 13 31 12 32 24 33 25 56 59 51 69 57 50 42 47 46 67 70 79 61 37 38 55 49 45 39 46 58 65 66 75 40 63 73 74 68 19 28 27 34 26 76 64 20 11 35 15 21
W 56 32 21 59 24 23 14 38 22 33 48 31 50 39 60 15 19 13 12 5 37 46 28 51 58 61 68 69 59 70 42 52 41 43 47 3 2 4 20 1 11 77 76 78 40 30
B 22 50 48 29 30 38 39 47 56 57 58 66 65 67 59 68 60 69 70 24 46 20 37 13 14 23 12
W 50 47 39 38 21 30 31 29 22 51 42 43 41 60 34 59 58 57 20 52 49 67 68 66
W 20 30 21 31 37 57 50 38 29 47 33 24 25 60 51 68 22 34 23 42 32 52 41 43 46 55 59 70 67 58 65 56 77 69 64 45 66 28 63 19 10 9 1 49 76 26 16 17 7 78 40 39 0 36 18 27 11 9 35 44 18 15 14 9 71 62 18 74 73 9 79 80 18
W 50 30 39 38 31 22 40 23 29 21 47 37 46 42 51 52 61 28 19 20 27 36 45 18 34 33 43 25 32 35 53
W 59 31 40 39 48 47 49 30 32 23 24 33 41 15 25 56 14 22 16 67 4 13 6 12 68 57 58 76 77 66 3 2 5 11
W 40 38 29 42 39 47 24 28 60 58 19 59 56 48 37 30 27 20 51 28 46 29 10 64 55 65
B 57 32 30 59 23 24 22 33 50 51 68 60 47 67 58 15 14 12 20 5 4 6 69 11 61 70 79 19 28 21 29 31 52 42 10 1 9 43 71 40 49 39 38 53 2 3 48
W 47 32 50 30 33 48 38 49 41 31 19 24 43 34 42 56 55 64 25 16 35 46 37 54 12 13 20 21 2 36 27 29 45 59 60 36 68 58 45 69 70 36 10 28 45 67 55 77 63 61
B 59 30 32 48 21 41 31 50 39 58 38 33 24 34 56 25 15 66 65 23 57 67 16 47 46 49 55 17 22 74 73 75 7 26
W 32 57 48 49 39 58 56 65 51 13 68 60 21 12 11 24 33 25 59 50 61 67 69 47 22 14 46 55 38 56 3 4 34 10 20 2 19 16 6 7 45 54 37 41 73 76 26 17 35 42 43 40 31 77 78 74 9 1
W 31 57 59 38 20 33 24 25 23 51 60 61 70 43 62 52 50 28 48 47 56 66 16 17 55 39 49 64 7 41 40 32 19 46 27 36 18 29 67 21 12 30 22 71 80 53 75 65 69 71 54 63 74 73 76 79 78 62 14 80
B 57 30 23 40 42 58 67 59 68 51 41 48 56 69 52 61 50 49 60 77 66 51 37 60 21 22 13 31 15 28 38 29 10 43 34 53 35 20 11 12 3 36 64
W 30 58 33 51 47 23 52 61 50 60 24 21 20 11 19 31 12 22 41 39 48 10 29 13 15 18 38 27 66 67 43 57 65 56 55 46
B 21 48 50 23 32 33 31 42 49 57 38 47 37 46 67 66 51 13 64 68 58 76 69 63 12 55 15 14 16 24 43 35 4 5 34
W 57 29 30 21 22 11 31 38 12 20 51 33 14 49 48 60 61 52 43 58 40 50 42 66 65 68 75 67 39 70 46 3 13 37 53 41 32 71 34 47 56 55 64 45 63 62 54 46 4 2 52 76 74
B 31 49 33 47 59 50 60 51 66 20 29 28 21 11 19 38 30 10 56 46 12 61 43 70 58 52 55 25 34 76 75 69 73
B 48 32 31 41 59 20 29 28 21 38 30 49 58 47 50 56 19 36 42 33 43 14 34 25 16 15 26 24 13 17 7 11 10 61 52 35 57
B 21 49 51 31 38 22 30 33 34 25 42 47 46 56 24 39 28 15 32 59 60 55 13 23 14 33 41 40 24 12 11 33 68 67 24 29 20 33 50 24 58 57 43 59 69 45 37 5 3 58 76 75 77 35 44 26 36 54
W 59 32 30 49 58 48 50 41 38 57 52 43 22 23 42 33 51 20 21 11 29 47 12 34 66 65 67 46 37 14 19 53 62 44 70 4 3 36 27 45 40 64 16 25 15 26 74 73 75 13 10 17
W 40 58 57 20 22 38 49 51 59 24 60 55 34 13 12 23 21 42 61 43 14 15 4 6 64 46 65 10 28 29 1 2 11 19 9 0 44 53 1 56 48 0 52 35 1 54 36 0 26 44 1 32
B 30 50 23 48 47 56 38 55 60 51 68 61 70 59 69 43 62 53 52 21 20 61 67 57 52 22 31 61 71 14 33 11 10 19 29 24 32 12 15 1 5 13 25 66 46 76 52 54 44 75 9
W 21 59 42 48 47 30 39 40 38 31 29 22 12 24 60 69 50 58 49 57 61 70 25 16 34 13 56 65 17 15 64 62 66 67 74 52 51 76 71 80 78 77 7 3 11 2 1 4 10 26
B 59 30 32 57 29 39 20 21 47 38 37 46 55 50 51 60 49 48 45 68 41 61 14 11 10 13 52 1 56 66 19 5 15 53 44 62 58 67 34 40 50 65 64 6 7 4 16 73 74 75 22 31 23 9 18 12 2 3 0 2 63
B 21 51 58 24 40 38 29 56 66 48 49 28 19 39 31 30 20 65 52 43 61 14 42 37 13 33 41 34 16 23 22 7 17 53 69 5 74 73 75 64 44 15 62 26 27 36 18 4 3 57 67
W 47 32 50 30 33 24 42 57 48 58 49 60 20 29 28 21 59 68 69 70 10 11 19 25 67 78 66 12 52 61 34 35 44 26 76 77 2 3 1 38 37 51 41 31 62 71 43 53 79 80 62 56 65 53 14 23 62 55 64 53 15 16 62 46 54 53 45 62
B 21 49 50 40 58 41 51 57 66 47 56 48 68 13 22 23 32 14 33 31 12 24 34 25 29 37 55 19 28 27 10 9 20 1 18 67 76 19 38 46 18 59 60 19 11 18 3 4 45
W 30 50 41 49 47 42 33 40 32 31 22 21 13 23 24 12 14 38 57 46 55 48 56 67 37 28 45 43 51 60 58 68 34 52 19 27
W 59 32 30 49 58 48 23 24 22 50 60 51 65 15 28 56 64 3 13 4 5 14 2 6 12 61 70 52 46 69 68 55 54 66 57 47 38 79 78 71 80 63 72 79 33 34 80 45 36 79 75 69 77 5 11 41 70 73 80 63 67 45 37 79 54 69 45 70
W 30 58 49 57 50 59 48 56 46 13 15 21 60 24 25 33 34 31 42 29 39 19 37 69 23 32 70 61 52 14 62 55 68 67 78 73 16 28
B 59 31 33 49 50 24 29 47 25 23 21 58 46 34 43 42 35 41 52 37 38 55 48 56 28 68 69 67 39 40 36 70 61 78 16 13 57 66 54 12 64 65 11 60 51 2 1 3 10 15 6 5 7 71 63 69 73 62 53 74 30
W 31 49 33 47 60 20 29 51 59 21 30 50 66 14 56 24 23 57 65 15 19 61 43 37 52 28 58 48 22 13 10 11 2 12 55 25 46 38 70 34 42 41 32 18 35 26 44 45 54 36 9 1 27 62 71 18 53 0
B 40 22 58 33 29 50 49 30 38 20 19 59 68 69 42 41 32 31 23 14 24 15 25 52 51 60 43 44 34 67 66 77 61 65 39 12 75 62 53 57 56 52 11 70 21 13 16
W 30 50 49 41 59 58 48 60 68 31 21 67 69 56 47 55 61 51 79 22 46 57 52 43 77 73 34 33 44 25 42 12 11 13 24 43 76 75 42 20 29 43 35 26 42 19
W 40 22 58 33 21 12 20 31 39 67 68 57 50 47 66 65 76 38 30 28 34 25 42 24 74 64 19 73 44 11 26 10 16 18 15 14 32 23 5 41 6 48 32 13 41 75 67 4 29 52 43 74 49 37
W 21 49 47 42 24 56 60 31 22 38 67 66 43 33 34 25 23 52 16 44 26 51 58 57 61 76 77 68 59 78
B 58 31 30 40 39 21 49 20 42 33 34 41 51 47 48 37 24 23 56 15 28 29 38 46 55 25 19 10 45 18 36 43 52 35 53 50 59 9 27 44
W 21 49 40 39 41 30 22 50 51 48 60 20 11 10 19 29 1 12 9 31 32 23 13 14 3 34 42 16 68 67 24 15 33 25 43 8 56 65 57 66 37 55 47 59 69 46 28 73 38 58 35 26 44 77 78 76 71 36 27 45 5 6 4
B 59 31 47 49 58 50 48 29 51 42 21 30 22 23 14 24 20 60 52 57 69 19 10 28 56 1 9 11 12 3 2 61 4 70 77 79 16 66 67 15 6 78 65 34 37 68 75 38 36 40 69 46 55 68 25 26 7 17 69 27 45 68 32 33 69 54 63 68 76 69
W 58 31 47 33 41 42 20 29 21 30 14 19 10 13 22 23 12 15 4 50 60 59 68 67 49 51 69 56 57 46 55 65 37 66 45 48 39 40 48 64 28 61 70 52
B 59 24 47 30 20 29 21 31 14 23 13 28 15 16 19 57 48 56 46 58 49 68 69 60 50 70 51 78 61 43 69 55 67 60 34 69 33 25 52 35 42 44 54 66 64 74 76 75 71 63 72 18 9 27 45 10 11 0 3
B 59 21 31 22 23 32 41 33 24 42 40 60 51 52 50 25 16 34 61 62 69 13 15 17 44 43 71 14 29 28 53 6 37 19 20 38 47 11 39 30 38 27 36 10 35 7
W 58 22 31 30 21 20 12 23 32 39 24 41 14 40 33 57 66 56 60 68 67 59 50 51 49 69 42 52 65 64 55 46 48 47 63 54 73 72 38 29 63 37 55 11 43 61 45 3 13 36 54 44 35 53 4 2 77 78 76
B 50 30 39 38 31 22 40 47 21 29 23 13 14 12 57 33 24 60 59 25 16 43 51 52 69 32 26 56 5 66 67 35 34 48 11 25 20 17 42 61 70
W 51 21 48 32 29 30 39 20 33 50 42 41 37 24 60 28 59 38 47 46 29 55 38 66 67 19 45 65 49 54 25 15 36 73 75 63 16 7 27 18 31 22 40 23 17
W 59 31 42 29 23 22 14 57 13 50 51 68 60 58 11 69 19 28 70 79 47 20 56 32 33 65 41 48 10 27 62 12 3 21 80 71 39 40 80 49 78 67 18 77 79
B 22 59 50 58 60 49 41 13 12 21 23 11 30 20 69 14 47 56 48 57 55 39 40 46 38 37 64 29 39 65 74 73 75 76 72 66 68 73 74 75 28 19 67
B 38 50 32 57 51 60 49 59 41 13 22 47 46 21 14 39 48 56 30 37 40 28 58 67 66 68 55 65 64 75 20 19 10 42 52 34 43 12 29 11 9 24 23
W 40 42 47 23 22 13 32 21 31 24 33 59 25 43 12 11 14 3 67 58 66 68 15 37 29 28 20 38 19 48 56 39
W 50 30 47 33 20 60 21 59 51 49 40 41
B 50 21 30 22 32 23 33 67 58 68 66 60 20 11 10 31 29 57 48 56 65 55 64 24 34 40 49 41 51 52 42 25 70 61 26 17 35 71 16 7 8 1 19 17 79 78 8 39 38 17 53 15 76
W 47 33 22 40 58 38 20 48 57 19 29 46 56 28 24 60 51 52 69 25 32 42 16 15 14 23 49 39 24 70 41 55 59 50 6 51 64 63 73 11 68 31 23 34
W 39 42 50 51 60 59 41 33 32 58 24 61 69 70 34 43 44 52 57 66 65 23 22 14 49 56 48 67 15 13 12 21 5 31 4 22 20 11 3 25 16 35 30 55 46 64 47 45 36 54 37 17 7 53
B 51 48 30 23 59 20 29 21 31 22 32 46 37 66 24 19 55 68 58 67 69 56 45 64 47 57 63 74 73 15 65 61 60 64 16 25 33 17 65 7 75 43 34 35 52 53 71 62 70 44 42 26 27 18 28
W 51 30 49 47 23 32 22 31 21 20 57 24 15 12 13 4 14 10 33 42 34 43 25 52 60 61 70 41 56 55 64 46
B 30 50 32 48 47 56 38 33 24 42 25 55 60 59 52 69 70 51 61 20 21 68 46 28 36 34 35 44 26 43 54 23 14 39 64 65 29 73 40 49 63 41 31
W 59 30 31 21 22 39 40 57 66 65 58 48 12 42 34 60 50 67 68 75 11 69 77 43 33 71 28 37 29 20 19 38 44 53 51 52 78 79 61 70 35 41 32 62 49 27 10 76 18 36
B 31 49 42 38 56 47 59 58 67 66 68 21 22 12 13 41 33 32 23 24 15 51 50 40 52 65 30 29 3 11 2 1 4 10 39 76 77 75 48 57
W 59 30 31 21 22 39 40 42 24 60 68 69 48 47 56 55 57 34 38 46 28 11 37 19 64 13 14 29 78 79 77 61 54 16 4 12 25 26 33 43 41 15 6 3 7 17 5 27 45 50 49 51
W 38 41 50 51 40 31 49 32 60 30 29 61 12 59 69 39 48 47 67 56 42 52 66 20 19 11 33 13 10 3 37 24 70 1 27 9 62 46 65 45 36 34 53 43 57 44 71 2 55 0 54 18 28
W 40 42 38 59 33 48 39 34 24 41 32 25 15 47 60 50 52 43 68 70 66 69 49 58 57 56 65 64 73 55 63 54 45 72 74 67 63 31 46 22 12 13 21 16 5 4 7 14 3 6 76 77 5 30 29 6 75 23
W 31 49 42 38 56 51 52 41 32 43 33 61 48 21 58 59 40 13 50 60 34 53 14 5 15 46 68 69 55 28 6 30 4 3 22 12 45 36 54 35 67 25 16 17 47 37 24 26 78 79 77 39 5
W 59 30 48 32 33 50 23 42 31 40 41 39 32 49 58 57 47 56 46 60 69 66 55 68 20 21 11 12 43 10 19 2 9 1
W 60 30 57 32 13 12 22 21 24 33 25 50 67 34 23 47 56 46 3 2 4 10 52 59 68 51 61 55 48 39 64 63 73 43 7 53
B 21 49 47 32 60 42 58 30 20 57 48 56 40 50 67 31 29 46 37 39 38 13 52 66 55 64 45 74 63 43 59 12 51
W 40 42 51 47 38 29 39 37 57 52 60 24 14 61 55 46 56 21 19 28 12 22 13 11 15 25 16 69 10 20 2 23 68 70 58 54 63 45 64 18 17 50 59 41 26 35 78 79 77 1 0 27 3 31
W 57 32 22 31 23 30 59 24 11 21 12 15 28 37 29 38 39 48 40 56 49 47 4 14 13 51 60 52 33 34 65 66 67 58 42 50 57 41 58 64 75 20 19 10 9 1 2 27 0 73
W 30 59 50 49 40 48 60 41 51 32 29 46 23 24 22 43 58 15 66 65 37 57 68 75 67 38 28 64 42 33 14 62 70 5 4 6 47 56 39 45 52 53 34 44 71 25 12 36 27 47 17 16 76 74
W 21 59 33 47 57 40 56 22 30 31 39 48 49 50 58 12 11 13 41 20 38 46 37 55 64 67 66 75 65 42 32 52 43 51 15 28 54 10 34 69 53 61 14 23 24 73 45 74 27 18 29 19 4 2 17 62 44 3 5 36
W 59 21 30 31 20 22 40 41 39 50 58 60 69 70 51 61 49 33 11 68 5 14 4 6 15 3 7 13 25 17 32 42 6 12
W 21 49 60 51 52 42 43 59 69 33 38 68 34 25 13 23 70 46 47 37 56 29 30 20 11 10 1 55 64 63 65 19 27 39 9 28 54 18 72 31 12 2 3 0
B 30 42 50 51 59 60 41 28 46 12 33 21 29 19 69 70 68 34 25 35 32 37 71 79 53 52 26 43 61 62 20 44 11 47 55
W 22 49 42 30 31 39 67 51 56 43 33 34 25 21 69 41 24 47 57 55 64 12 13 4 5 3 46 14 15 6 7 17
W 33 51 50 59 49 42 32 58 57 48 60 69 61 70 66 67 76 68 47 39 41 38 55 46 56 52 43 62 21 20 11 28 19 30 22 10 29 64 45 20 37 18 12 36 27 63 54 36
W 59 33 31 38 24 25 23 43 51 15 14 6 20 57 47 48 56 46 55 40 37 28 45 29 30 39 32 41 42 34 19 67 68 65 64 18 74 10 11 13 21 5 27 36 9 0 27 60 52 36 16 17 27 50 61 36 46 2 27 12 9 69
B 49 31 30 21 29 20 22 40 48 23 13 14 41 32 19 12 11 4 42 59 50 67 66 39 38 47 46 56 55 61 58 69 76 43 34
W 51 30 48 32 33 50 59 42 43 41 61 47 38 39 46 56 29 20 19 58 24 10 28 12 55 65 64 68 60 73 63 18 36 14 15 69 70 9 27 6 7 5 78 67 23 22 16 77 79
B 20 30 29 48 42 60 39 40 38 49 47 23 24 32 33 52 14 13 15 56 55 65 59 50 51 61 64 21 11 43 67 66 69 70 12 76 77 58 75 68 4 78 34 73 22 31 44 53 35 63 46 74 54 76 13 72
B 59 31 40 39 32 23 30 22 29 38 37 46 28 57 41 55 12 24 34 21 20 33 42 25 67 66 43 13 11 7 48 47 49 36 9 75 76 58 68 64 27 45 26 17 35 3 2 4
B 21 48 40 49 50 59 39 41 51 32 60 22 47 56 38 67 68 58 34 12 11 20 30 13 19 2 10 25 69 46 37 43 65 64 66
B 48 32 31 22 41 42 40 23 51 56 47 43 52 59 57 50 69 60 61 70 71 79 78 53 80 70 79 44 21 12 20 67 33
W 40 58 51 22 29 47 48 57 23 14 24 31 38 32 56 41 34 49 46 60 52 61 15 12 11 10 2 53 44 42 43 39 70 62 59 68 50 69 5 13 16 65 64 47 55 20 19 21 9 28 1 37
B 40 38 29 30 39 20 28 47 57 21 56 32 31 51 23 24 19 10 33 41 22 18 25 59 43 42 15 70 61 52 53 71 60
W 40 22 29 58 50 59 24 20 28 15 16 23 51 25 66 57 56 47 55 67 33 7 69 46 45 36
B 40 22 21 30 31 20 12 23 29 39 49 38 28 11 47 37 48 13 33 52 42 59 46 3 67 45 54 36 64 43 34 70 68
W 32 48 49 58 59 57 21 24 33 68 29 60 50 51 43 25 70 31 39 23 34 40 41 22 69 38 30 12 37 47 28 46 11 13 67 66 77 1 10 2 3 4 65 75 64 36 27 45 19 9
W 40 33 42 43 51 32 29 57 52 47 31 13 22 14 37 69 55 46 45 64 23 24 16 15 12 7 44 34 49 56 17 26 63 54 4 5 55 73 54 70 65 66 62 11 20 3 21 10 19 9 2 1
W 51 39 57 41 42 32 33 47 12 23 29 58 56 37 28 59 55 24 70 38 30 50 25 27 16 19 4 66 10 65 20 68 18 36 69 60 61 76 78 31
W 40 22 42 20 57 60 68 59 67 47 30 29 25 48 49 56 65 64 58 15 24 16 21 12 73 23 55 46 63 26 34 39 31 32 13 14 11 4 10 28 18 2 45 36 1 3 41 54 35 64
B 50 30 31 22 23 40 32 48 60 58 56 46 21 20 13 11 47 38 55 37 67 68 66 59 69 77 73 57 75 51 52 42 43 41 33 70 61 78 12 3 4 2 71 79 45 36 54 62 53 80 25 62 76 71
B 32 48 49 58 59 57 21 68 60 40 41 50 51 20 29 10 31 28 11 19 38 69 12 46 37 36 47
W 40 59 51 57 60 22 21 30 31 20 47 12 56 67 65 69 70 79 71 50 42 39 24 66 28 37
W 40 42 50 51 23 38 60 61 59 70 33 43 34 35 26 44 47 46 28 48 56 37 57 21 69 25 16 17 24 79 11 12 19 39 31 20 2 27 55 3 10 36 18 0
W 40 22 42 58 38 56 20 24 59 68 60 49 33 11 10 21 12 29 19 39 28 30 25 69 70 50
W 41 39 48 47 57 38 40 56 21 59 60 51 50 61 69 42 33 34 24 25 19 66 67 31 32 15 58 14 28 37 65 64 75 73 70 23 68 12 11 13 30 52 29 36
W 39 41 32 33 23 40 30 48 47 56 42 51 43 58 37 24 15 46 52 38 29 60 47 14 25 38 19 36 47 31 22 38 50 49 47 21 34 38 28 61 62 71 53 70 27 45 47 10 12 38
W 33 39 50 57 20 21 12 22 29 13 46 25 24 15 34 59 60 69 58 68 49 67 48 16 66 51 52 61 42 53 60 11 44 62 10 3 23 51 14 5 60 75 65 51 6 7 60 79 1 2 74 40 76 51 30 31 60 38 51 77 37 47 56 26 35 75 41 76
B 41 30 39 38 48 32 29 31 20 42 59 47 56 55 65 57 66 49 58 40 57 28 19 37 13 64 45 10 11 18 73 54 14 61 69 9 24 70 1 74 75 33 79 50 60 25 16 43 26 35 34 21 12 25 71 17 52 7 27 36 2
B 41 38 39 30 48 31 47 24 33 60 25 23 68 43 34 59 67 42 32 40 22 13 50 58 49 57 21 29 11 20 12 10 15 2 14 46 55 36 56 66 1 28 9 0 44 70 1
B 41 39 30 29 21 40 32 50 51 60 38 47 37 57 59 49 61 31 22 23 43 19 46 58 20 24 69 11 28 13 55 12 29 34 42 68 65
W 32 39 49 48 58 22 23 60 57 42 20 21 29 40 41 37 43 52 33 51 34 70 68 62 55 46 28 11 10 12 18 14 15 64 54 56 65 47 73 1 5 27 36 45 63 9 0 2 31 30 27 9 69 79 0 4 13 9 3 19 44 53
B 41 22 39 58 59 68 60 56 23 14 24 20 37 47 38 31 49 66 48 69 57 67 12 13 9 10 27 15 16 6 19 11 70
W 41 39 59 22 37 33 42 32 40 38 28 20 19 56 11 12 29 30 46 58 68 21 55 10 9 1 65 34 43 44 53 35 61 66 47 48 57 49 67 56 75 50 51 57 31 2 18 0
B 41 30 48 23 29 20 38 60 43 66 57 67 65 70 19 12 11 21 15 24 25 10 9 16 7 17 26 14 8 1 52 74 73 64 75 56 55 74 2 3 65 33 47 50 34 58 49 51 76 77 74 68 28 5 6 62 53 61 31 22
W 23 48 30 50 67 29 20 31 21 39 60 51 61 66 58 57 32 52 59 28 19 34 25 40 75 74 76 22 13 15 14 24 65 5 33 16 43 26 46 56 64 55 53 37 44 42 62 35 47 63 73 18 27 9 10 36 3 6
W 41 30 39 40 49 31 48 29 32 50 51 59 60 23 24 15 34 56 66 25 33 38 14 22 16 68 67 65 69 13 6 57 58 4 74 73 75 47 77 64 5
W 40 58 57 48 49 56 66 59 47 39 30 38 46 29 55 31 41 21 32 67 65 51 13 22 23 12 14 34 19 27 28 37 20 11
B 41 29 48 22 38 28 23 14 13 12 31 4 21 30 13 49 39 22 58 20 24 59 67 50 51 60 52 40 32 56 57 61 68 42 43 25 34 15 33 46 37 36 65 64 73 16 70 35 44 26 47 55 63 45 74
W 41 39 38 30 48 49 29 20 57 40 58 50 32 22 52 23 24 59 19 15 34 25 33 16 69 68 70 51 61 47 56 46 37 36 28 55 64 67 54 10 45 9 66 35 44 26
W 41 30 48 23 29 60 21 31 38 20 11 49 50 19 13 14 10 39 57 47 56 46 28 58 59 67 68 55 33 77 78 76 69 25
W 33 48 30 50 47 56 38 55 60 51 66 58 52 67 43 23 32 21 22 13 31 11 20 12 14 19 28 29 39 15 24 5 20 10 16 23 68 76 14 4 46 65
B 40 29 21 42 51 50 41 60 52 33 24 49 39 25 32 15 23 34 48 59 61 70 56 20 12 46 55 11 37 28 45 14 13 66 16 7 17 26 5 8 57 58 65 75 74 67 4 6
B 41 30 39 38 48 31 32 60 29 20 28 19 37 23 24 13 14 22 51 59 67 52 43 50 40 42 34 68 70 66 58 57 49 55 65 56 75
W 41 39 30 29 31 20 48 47 57 56 42 13 12 21 14 22 23 40 49 32 33 66 67 50 58 68
W 41 56 39 59 60 68 51 23 57 66 21 33 16 12 13 22 14 30 20 29 19 15 6 24 11 40 49 31 50 47 38 37 48 28 67 58 65 76 64 55 54 46 74 75 69 78 79 70 77 3 2 78 25 80 61 34 62 45 35 44 26 43 71 63 79 73 77 7 8 78 27 77
B 40 38 42 43 34 21 47 46 37 48 56 39 28 52 51 57 65 60 59 69 44 62 23 50 41 49 66 67 20 31 12 33 32 24 15 25 16 35 22
B 29 41 23 24 22 33 59 38 39 47 28 57 51 14 13 43 67 52 66 65 49 48 64 75 58 40 30 55 37 46 73
W 41 39 30 29 21 40 32 50 51 60 38 47 37 49 46 52 34 31 22 23 24 14 20 15 16 43 33 35 26 44 7 56 55 42 25 64 63 73 54 65
B 33 21 47 49 60 51 52 56 55 57 29 20 37 24 42 50 23 14 15 43 61 25 31 30 34 28 38 22 32 16 39
B 41 30 39 38 48 31 32 40 49 23 24 50 29 13 20 15 34 12 16 51 6 47 56 55 66 65 57 64 59 60 68 11 10 37 19 21 14 1 4 28 3 18 70 69 78 79 80 61 53
B 41 39 48 47 57 38 40 43 42 52 34 25 33 59 44 22 56 20 60 67 50 55 64 65 66 63 14 69 61 73 75 13 15
B 50 48 39 38 30 49 41 29 20 59 60 56 21 24 34 40 32 31 22 69 68 58 61 23 14 70 71 19 10 11 2 9 1 15 5 67 28 37 18 43 33 25 35
B 40 38 21 42 58 56 33 34 24 60 29 39 31 25 48 37 65 66 47 46 57 55 67 64 52 51 16 43 79 70 75 28 19 18 9 73 27 36 78 17 7 53 69 18 71 61 27 15 14 18 26 35 27 30 20 18 63 54 27 59 68 18 10 74 41 66 76 50 49 27 6 65
B 40 22 21 59 58 49 48 50 57 12 30 41 13 31 14 39 38 11 24 19 43 52 42 37 46 28 51 60 40 67 66 39 29 70 68 69 76 44 16 35 25 45 36 27 55 3 62 47 40 53 71 39 56 20 40 78 80 39 47 77 67 64 63 74 54 72 40
W 33 39 50 57 58 66 21 60 67 49 40 48 59 31 41 30 20 22 37 46 28 24 25 10 19 16 34 4 55 45 12 18 3 14 75 74 76 56 64 65 1 69 52 51 15 6 61 42 32 43 70 79 78 77 44 53 62 71 80 36 68 27 9 0 23 13
W 41 30 48 23 29 20 38 19 24 32 33 59 67 58 57 51 42 68 66 43 34 52 70 61 14 13 12 15 5 4 49 31 77 50 69 40 16 7
B 40 42 51 38 29 50 41 60 52 33 59 49 39 68 58 48 69 57 61 28 20 22 37 47 46 67 30 55 24 32 25 23 12 34 15 5 35 44 43 26 17 7 35 19 10 26 14 13 35 45 6 9 4 1 11 60 79 59 71